2020/03/13-22:45:15.977686 7f7a18ff9700 RocksDB version: 6.6.4
2020/03/13-22:45:15.977730 7f7a18ff9700 Git sha rocksdb_build_git_sha:
2020/03/13-22:45:15.977734 7f7a18ff9700 Compile date Feb 12 2020
2020/03/13-22:45:15.977737 7f7a18ff9700 DB SUMMARY
2020/03/13-22:45:15.977740 7f7a18ff9700 CURRENT file:  CURRENT
2020/03/13-22:45:15.977741 7f7a18ff9700 IDENTITY file:  IDENTITY
2020/03/13-22:45:15.977743 7f7a18ff9700 MANIFEST file:  MANIFEST-000032 size: 1767 Bytes
2020/03/13-22:45:15.977746 7f7a18ff9700 SST files in testnetdb dir, Total Num: 8, files: 000024.sst 000025.sst 000026.sst 000027.sst 000028.sst 000029.sst 000030.sst 000031.sst 
2020/03/13-22:45:15.977748 7f7a18ff9700 Write Ahead Log file in testnetdb: 000033.log size: 0 ; 
2020/03/13-22:45:15.977750 7f7a18ff9700                         Options.error_if_exists: 0
2020/03/13-22:45:15.977751 7f7a18ff9700                       Options.create_if_missing: 1
2020/03/13-22:45:15.977753 7f7a18ff9700                         Options.paranoid_checks: 1
2020/03/13-22:45:15.977756 7f7a18ff9700                                     Options.env: 0x7f7b04bfa020
2020/03/13-22:45:15.977758 7f7a18ff9700                                Options.info_log: 0x7f7bb4aa8ec0
2020/03/13-22:45:15.977760 7f7a18ff9700                Options.max_file_opening_threads: 16
2020/03/13-22:45:15.977762 7f7a18ff9700                              Options.statistics: (nil)
2020/03/13-22:45:15.977763 7f7a18ff9700                               Options.use_fsync: 0
2020/03/13-22:45:15.977766 7f7a18ff9700                       Options.max_log_file_size: 1048576
2020/03/13-22:45:15.977767 7f7a18ff9700                  Options.max_manifest_file_size: 1048576
2020/03/13-22:45:15.977768 7f7a18ff9700                   Options.log_file_time_to_roll: 0
2020/03/13-22:45:15.977769 7f7a18ff9700                       Options.keep_log_file_num: 1000
2020/03/13-22:45:15.977770 7f7a18ff9700                    Options.recycle_log_file_num: 0
2020/03/13-22:45:15.977773 7f7a18ff9700                         Options.allow_fallocate: 1
2020/03/13-22:45:15.977775 7f7a18ff9700                        Options.allow_mmap_reads: 0
2020/03/13-22:45:15.977776 7f7a18ff9700                       Options.allow_mmap_writes: 0
2020/03/13-22:45:15.977777 7f7a18ff9700                        Options.use_direct_reads: 0
2020/03/13-22:45:15.977778 7f7a18ff9700                        Options.use_direct_io_for_flush_and_compaction: 0
2020/03/13-22:45:15.977779 7f7a18ff9700          Options.create_missing_column_families: 1
2020/03/13-22:45:15.977780 7f7a18ff9700                              Options.db_log_dir: 
2020/03/13-22:45:15.977782 7f7a18ff9700                                 Options.wal_dir: testnetdb
2020/03/13-22:45:15.977783 7f7a18ff9700                Options.table_cache_numshardbits: 6
2020/03/13-22:45:15.977784 7f7a18ff9700                      Options.max_subcompactions: 30
2020/03/13-22:45:15.977785 7f7a18ff9700                  Options.max_background_flushes: -1
2020/03/13-22:45:15.977786 7f7a18ff9700                         Options.WAL_ttl_seconds: 0
2020/03/13-22:45:15.977787 7f7a18ff9700                       Options.WAL_size_limit_MB: 0
2020/03/13-22:45:15.977788 7f7a18ff9700                        Options.max_write_batch_group_size_bytes: 1048576
2020/03/13-22:45:15.977789 7f7a18ff9700             Options.manifest_preallocation_size: 4194304
2020/03/13-22:45:15.977790 7f7a18ff9700                     Options.is_fd_close_on_exec: 1
2020/03/13-22:45:15.977791 7f7a18ff9700                   Options.advise_random_on_open: 1
2020/03/13-22:45:15.977792 7f7a18ff9700                    Options.db_write_buffer_size: 0
2020/03/13-22:45:15.977793 7f7a18ff9700                    Options.write_buffer_manager: 0x7f7bb4b0be00
2020/03/13-22:45:15.977794 7f7a18ff9700         Options.access_hint_on_compaction_start: 1
2020/03/13-22:45:15.977795 7f7a18ff9700  Options.new_table_reader_for_compaction_inputs: 0
2020/03/13-22:45:15.977796 7f7a18ff9700           Options.random_access_max_buffer_size: 1048576
2020/03/13-22:45:15.977797 7f7a18ff9700                      Options.use_adaptive_mutex: 0
2020/03/13-22:45:15.977798 7f7a18ff9700                            Options.rate_limiter: (nil)
2020/03/13-22:45:15.977807 7f7a18ff9700     Options.sst_file_manager.rate_bytes_per_sec: 0
2020/03/13-22:45:15.977808 7f7a18ff9700                       Options.wal_recovery_mode: 2
2020/03/13-22:45:15.977809 7f7a18ff9700                  Options.enable_thread_tracking: 0
2020/03/13-22:45:15.977811 7f7a18ff9700                  Options.enable_pipelined_write: 0
2020/03/13-22:45:15.977813 7f7a18ff9700                  Options.unordered_write: 0
2020/03/13-22:45:15.977814 7f7a18ff9700         Options.allow_concurrent_memtable_write: 1
2020/03/13-22:45:15.977815 7f7a18ff9700      Options.enable_write_thread_adaptive_yield: 1
2020/03/13-22:45:15.977817 7f7a18ff9700             Options.write_thread_max_yield_usec: 100
2020/03/13-22:45:15.977818 7f7a18ff9700            Options.write_thread_slow_yield_usec: 3
2020/03/13-22:45:15.977820 7f7a18ff9700                               Options.row_cache: None
2020/03/13-22:45:15.977821 7f7a18ff9700                              Options.wal_filter: None
2020/03/13-22:45:15.977822 7f7a18ff9700             Options.avoid_flush_during_recovery: 0
2020/03/13-22:45:15.977824 7f7a18ff9700             Options.allow_ingest_behind: 0
2020/03/13-22:45:15.977826 7f7a18ff9700             Options.preserve_deletes: 0
2020/03/13-22:45:15.977828 7f7a18ff9700             Options.two_write_queues: 0
2020/03/13-22:45:15.977830 7f7a18ff9700             Options.manual_wal_flush: 0
2020/03/13-22:45:15.977831 7f7a18ff9700             Options.atomic_flush: 0
2020/03/13-22:45:15.977832 7f7a18ff9700             Options.avoid_unnecessary_blocking_io: 0
2020/03/13-22:45:15.977835 7f7a18ff9700                 Options.persist_stats_to_disk: 0
2020/03/13-22:45:15.977836 7f7a18ff9700                 Options.write_dbid_to_manifest: 0
2020/03/13-22:45:15.977837 7f7a18ff9700                 Options.log_readahead_size: 0
2020/03/13-22:45:15.977838 7f7a18ff9700             Options.max_background_jobs: 2
2020/03/13-22:45:15.977839 7f7a18ff9700             Options.max_background_compactions: 1
2020/03/13-22:45:15.977840 7f7a18ff9700             Options.avoid_flush_during_shutdown: 0
2020/03/13-22:45:15.977841 7f7a18ff9700           Options.writable_file_max_buffer_size: 1048576
2020/03/13-22:45:15.977842 7f7a18ff9700             Options.delayed_write_rate : 16777216
2020/03/13-22:45:15.977843 7f7a18ff9700             Options.max_total_wal_size: 0
2020/03/13-22:45:15.977844 7f7a18ff9700             Options.delete_obsolete_files_period_micros: 21600000000
2020/03/13-22:45:15.977845 7f7a18ff9700                   Options.stats_dump_period_sec: 600
2020/03/13-22:45:15.977846 7f7a18ff9700                 Options.stats_persist_period_sec: 600
2020/03/13-22:45:15.977847 7f7a18ff9700                 Options.stats_history_buffer_size: 1048576
2020/03/13-22:45:15.977848 7f7a18ff9700                          Options.max_open_files: 10000
2020/03/13-22:45:15.977849 7f7a18ff9700                          Options.bytes_per_sync: 0
2020/03/13-22:45:15.977850 7f7a18ff9700                      Options.wal_bytes_per_sync: 0
2020/03/13-22:45:15.977851 7f7a18ff9700                   Options.strict_bytes_per_sync: 0
2020/03/13-22:45:15.977852 7f7a18ff9700       Options.compaction_readahead_size: 0
2020/03/13-22:45:15.977853 7f7a18ff9700 Compression algorithms supported:
2020/03/13-22:45:15.977854 7f7a18ff9700 	kZSTDNotFinalCompression supported: 1
2020/03/13-22:45:15.977855 7f7a18ff9700 	kZSTD supported: 1
2020/03/13-22:45:15.977857 7f7a18ff9700 	kXpressCompression supported: 0
2020/03/13-22:45:15.977858 7f7a18ff9700 	kLZ4HCCompression supported: 1
2020/03/13-22:45:15.977860 7f7a18ff9700 	kLZ4Compression supported: 1
2020/03/13-22:45:15.977861 7f7a18ff9700 	kBZip2Compression supported: 1
2020/03/13-22:45:15.977862 7f7a18ff9700 	kZlibCompression supported: 1
2020/03/13-22:45:15.977864 7f7a18ff9700 	kSnappyCompression supported: 1
2020/03/13-22:45:15.977865 7f7a18ff9700 Fast CRC32 supported: Not supported on x86
2020/03/13-22:45:15.977867 7f7a18ff9700               Options.comparator: leveldb.BytewiseComparator
2020/03/13-22:45:15.977873 7f7a18ff9700           Options.merge_operator: StringAppendOperator
2020/03/13-22:45:15.977874 7f7a18ff9700        Options.compaction_filter: None
2020/03/13-22:45:15.977875 7f7a18ff9700        Options.compaction_filter_factory: None
2020/03/13-22:45:15.977876 7f7a18ff9700         Options.memtable_factory: SkipListFactory
2020/03/13-22:45:15.977877 7f7a18ff9700            Options.table_factory: BlockBasedTable
2020/03/13-22:45:15.977883 7f7a18ff9700            table_factory options:   flush_block_policy_factory: FlushBlockBySizePolicyFactory (0x7f7bb4b195f0)
  cache_index_and_filter_blocks: 0
  cache_index_and_filter_blocks_with_high_priority: 0
  pin_l0_filter_and_index_blocks_in_cache: 0
  pin_top_level_index_and_filter: 1
  index_type: 0
  data_block_index_type: 0
  index_shortening: 1
  data_block_hash_table_util_ratio: 0.750000
  hash_index_allow_collision: 1
  checksum: 1
  no_block_cache: 0
  block_cache: 0x7f7bb4aa5540
  block_cache_name: LRUCache
  block_cache_options:
    capacity : 102400000
    num_shard_bits : 2
    strict_capacity_limit : 0
    memory_allocator : None
    high_pri_pool_ratio: 0.000
  block_cache_compressed: 0x7f7bb4b06650
  block_cache_name: LRUCache
  block_cache_compressed_options:
    capacity : 32768
    num_shard_bits : 10
    strict_capacity_limit : 0
    memory_allocator : None
    high_pri_pool_ratio: 0.000
  persistent_cache: (nil)
  block_size: 4096
  block_size_deviation: 10
  block_restart_interval: 16
  index_
2020/03/13-22:45:15.977884 7f7a18ff9700        Options.write_buffer_size: 2097152
2020/03/13-22:45:15.977885 7f7a18ff9700  Options.max_write_buffer_number: 2
2020/03/13-22:45:15.977886 7f7a18ff9700          Options.compression: Snappy
2020/03/13-22:45:15.977887 7f7a18ff9700                  Options.bottommost_compression: Disabled
2020/03/13-22:45:15.977888 7f7a18ff9700       Options.prefix_extractor: nullptr
2020/03/13-22:45:15.977889 7f7a18ff9700   Options.memtable_insert_with_hint_prefix_extractor: nullptr
2020/03/13-22:45:15.977890 7f7a18ff9700             Options.num_levels: 7
2020/03/13-22:45:15.977891 7f7a18ff9700        Options.min_write_buffer_number_to_merge: 1
2020/03/13-22:45:15.977894 7f7a18ff9700     Options.max_write_buffer_number_to_maintain: 0
2020/03/13-22:45:15.977895 7f7a18ff9700     Options.max_write_buffer_size_to_maintain: 0
2020/03/13-22:45:15.977896 7f7a18ff9700            Options.bottommost_compression_opts.window_bits: -14
2020/03/13-22:45:15.977897 7f7a18ff9700                  Options.bottommost_compression_opts.level: 32767
2020/03/13-22:45:15.977898 7f7a18ff9700               Options.bottommost_compression_opts.strategy: 0
2020/03/13-22:45:15.977899 7f7a18ff9700         Options.bottommost_compression_opts.max_dict_bytes: 0
2020/03/13-22:45:15.977900 7f7a18ff9700         Options.bottommost_compression_opts.zstd_max_train_bytes: 0
2020/03/13-22:45:15.977901 7f7a18ff9700                  Options.bottommost_compression_opts.enabled: false
2020/03/13-22:45:15.977902 7f7a18ff9700            Options.compression_opts.window_bits: -14
2020/03/13-22:45:15.977903 7f7a18ff9700                  Options.compression_opts.level: 32767
2020/03/13-22:45:15.977904 7f7a18ff9700               Options.compression_opts.strategy: 0
2020/03/13-22:45:15.977905 7f7a18ff9700         Options.compression_opts.max_dict_bytes: 0
2020/03/13-22:45:15.977906 7f7a18ff9700         Options.compression_opts.zstd_max_train_bytes: 0
2020/03/13-22:45:15.977907 7f7a18ff9700                  Options.compression_opts.enabled: false
2020/03/13-22:45:15.977908 7f7a18ff9700      Options.level0_file_num_compaction_trigger: 4
2020/03/13-22:45:15.977909 7f7a18ff9700          Options.level0_slowdown_writes_trigger: 20
2020/03/13-22:45:15.977910 7f7a18ff9700              Options.level0_stop_writes_trigger: 36
2020/03/13-22:45:15.977911 7f7a18ff9700                   Options.target_file_size_base: 67108864
2020/03/13-22:45:15.977912 7f7a18ff9700             Options.target_file_size_multiplier: 1
2020/03/13-22:45:15.977913 7f7a18ff9700                Options.max_bytes_for_level_base: 268435456
2020/03/13-22:45:15.977919 7f7a18ff9700 Options.level_compaction_dynamic_level_bytes: 0
2020/03/13-22:45:15.977921 7f7a18ff9700          Options.max_bytes_for_level_multiplier: 10.000000
2020/03/13-22:45:15.977922 7f7a18ff9700 Options.max_bytes_for_level_multiplier_addtl[0]: 1
2020/03/13-22:45:15.977922 7f7a18ff9700 Options.max_bytes_for_level_multiplier_addtl[1]: 1
2020/03/13-22:45:15.977923 7f7a18ff9700 Options.max_bytes_for_level_multiplier_addtl[2]: 1
2020/03/13-22:45:15.977924 7f7a18ff9700 Options.max_bytes_for_level_multiplier_addtl[3]: 1
2020/03/13-22:45:15.977925 7f7a18ff9700 Options.max_bytes_for_level_multiplier_addtl[4]: 1
2020/03/13-22:45:15.977926 7f7a18ff9700 Options.max_bytes_for_level_multiplier_addtl[5]: 1
2020/03/13-22:45:15.977927 7f7a18ff9700 Options.max_bytes_for_level_multiplier_addtl[6]: 1
2020/03/13-22:45:15.977928 7f7a18ff9700       Options.max_sequential_skip_in_iterations: 8
2020/03/13-22:45:15.977929 7f7a18ff9700                    Options.max_compaction_bytes: 1677721600
2020/03/13-22:45:15.977930 7f7a18ff9700                        Options.arena_block_size: 262144
2020/03/13-22:45:15.977931 7f7a18ff9700   Options.soft_pending_compaction_bytes_limit: 68719476736
2020/03/13-22:45:15.977932 7f7a18ff9700   Options.hard_pending_compaction_bytes_limit: 274877906944
2020/03/13-22:45:15.977933 7f7a18ff9700       Options.rate_limit_delay_max_milliseconds: 100
2020/03/13-22:45:15.977934 7f7a18ff9700                Options.disable_auto_compactions: 0
2020/03/13-22:45:15.977935 7f7a18ff9700                        Options.compaction_style: kCompactionStyleLevel
2020/03/13-22:45:15.977936 7f7a18ff9700                          Options.compaction_pri: kMinOverlappingRatio
2020/03/13-22:45:15.977938 7f7a18ff9700 Options.compaction_options_universal.size_ratio: 1
2020/03/13-22:45:15.977939 7f7a18ff9700 Options.compaction_options_universal.min_merge_width: 2
2020/03/13-22:45:15.977940 7f7a18ff9700 Options.compaction_options_universal.max_merge_width: 4294967295
2020/03/13-22:45:15.977941 7f7a18ff9700 Options.compaction_options_universal.max_size_amplification_percent: 200
2020/03/13-22:45:15.977942 7f7a18ff9700 Options.compaction_options_universal.compression_size_percent: -1
2020/03/13-22:45:15.977943 7f7a18ff9700 Options.compaction_options_universal.stop_style: kCompactionStopStyleTotalSize
2020/03/13-22:45:15.977944 7f7a18ff9700 Options.compaction_options_fifo.max_table_files_size: 1073741824
2020/03/13-22:45:15.977945 7f7a18ff9700 Options.compaction_options_fifo.allow_compaction: 0
2020/03/13-22:45:15.977946 7f7a18ff9700                   Options.table_properties_collectors: 
2020/03/13-22:45:15.977947 7f7a18ff9700                   Options.inplace_update_support: 0
2020/03/13-22:45:15.977948 7f7a18ff9700                 Options.inplace_update_num_locks: 10000
2020/03/13-22:45:15.977949 7f7a18ff9700               Options.memtable_prefix_bloom_size_ratio: 0.000000
2020/03/13-22:45:15.977949 7f7a18ff9700               Options.memtable_whole_key_filtering: 0
2020/03/13-22:45:15.977950 7f7a18ff9700   Options.memtable_huge_page_size: 0
2020/03/13-22:45:15.977951 7f7a18ff9700                           Options.bloom_locality: 0
2020/03/13-22:45:15.977952 7f7a18ff9700                    Options.max_successive_merges: 0
2020/03/13-22:45:15.977953 7f7a18ff9700                Options.optimize_filters_for_hits: 0
2020/03/13-22:45:15.977954 7f7a18ff9700                Options.paranoid_file_checks: 0
2020/03/13-22:45:15.977955 7f7a18ff9700                Options.force_consistency_checks: 0
2020/03/13-22:45:15.977956 7f7a18ff9700                Options.report_bg_io_stats: 0
2020/03/13-22:45:15.977957 7f7a18ff9700                               Options.ttl: 2592000
2020/03/13-22:45:15.977958 7f7a18ff9700          Options.periodic_compaction_seconds: 0
2020/03/13-22:45:15.977959 7f7a18ff9700               Options.comparator: leveldb.BytewiseComparator
2020/03/13-22:45:15.977960 7f7a18ff9700           Options.merge_operator: StringAppendOperator
2020/03/13-22:45:15.977961 7f7a18ff9700        Options.compaction_filter: None
2020/03/13-22:45:15.977968 7f7a18ff9700        Options.compaction_filter_factory: None
2020/03/13-22:45:15.977969 7f7a18ff9700         Options.memtable_factory: SkipListFactory
2020/03/13-22:45:15.977970 7f7a18ff9700            Options.table_factory: BlockBasedTable
2020/03/13-22:45:15.977975 7f7a18ff9700            table_factory options:   flush_block_policy_factory: FlushBlockBySizePolicyFactory (0x7f7bb4b195f0)
  cache_index_and_filter_blocks: 0
  cache_index_and_filter_blocks_with_high_priority: 0
  pin_l0_filter_and_index_blocks_in_cache: 0
  pin_top_level_index_and_filter: 1
  index_type: 0
  data_block_index_type: 0
  index_shortening: 1
  data_block_hash_table_util_ratio: 0.750000
  hash_index_allow_collision: 1
  checksum: 1
  no_block_cache: 0
  block_cache: 0x7f7bb4aa5540
  block_cache_name: LRUCache
  block_cache_options:
    capacity : 102400000
    num_shard_bits : 2
    strict_capacity_limit : 0
    memory_allocator : None
    high_pri_pool_ratio: 0.000
  block_cache_compressed: 0x7f7bb4b06650
  block_cache_name: LRUCache
  block_cache_compressed_options:
    capacity : 32768
    num_shard_bits : 10
    strict_capacity_limit : 0
    memory_allocator : None
    high_pri_pool_ratio: 0.000
  persistent_cache: (nil)
  block_size: 4096
  block_size_deviation: 10
  block_restart_interval: 16
  index_
2020/03/13-22:45:15.977976 7f7a18ff9700        Options.write_buffer_size: 2097152
2020/03/13-22:45:15.977977 7f7a18ff9700  Options.max_write_buffer_number: 2
2020/03/13-22:45:15.977978 7f7a18ff9700          Options.compression: Snappy
2020/03/13-22:45:15.977979 7f7a18ff9700                  Options.bottommost_compression: Disabled
2020/03/13-22:45:15.977980 7f7a18ff9700       Options.prefix_extractor: nullptr
2020/03/13-22:45:15.977981 7f7a18ff9700   Options.memtable_insert_with_hint_prefix_extractor: nullptr
2020/03/13-22:45:15.977982 7f7a18ff9700             Options.num_levels: 7
2020/03/13-22:45:15.977983 7f7a18ff9700        Options.min_write_buffer_number_to_merge: 1
2020/03/13-22:45:15.977984 7f7a18ff9700     Options.max_write_buffer_number_to_maintain: 0
2020/03/13-22:45:15.977985 7f7a18ff9700     Options.max_write_buffer_size_to_maintain: 0
2020/03/13-22:45:15.977988 7f7a18ff9700            Options.bottommost_compression_opts.window_bits: -14
2020/03/13-22:45:15.977989 7f7a18ff9700                  Options.bottommost_compression_opts.level: 32767
2020/03/13-22:45:15.977990 7f7a18ff9700               Options.bottommost_compression_opts.strategy: 0
2020/03/13-22:45:15.977991 7f7a18ff9700         Options.bottommost_compression_opts.max_dict_bytes: 0
2020/03/13-22:45:15.977992 7f7a18ff9700         Options.bottommost_compression_opts.zstd_max_train_bytes: 0
2020/03/13-22:45:15.977993 7f7a18ff9700                  Options.bottommost_compression_opts.enabled: false
2020/03/13-22:45:15.977994 7f7a18ff9700            Options.compression_opts.window_bits: -14
2020/03/13-22:45:15.977995 7f7a18ff9700                  Options.compression_opts.level: 32767
2020/03/13-22:45:15.977996 7f7a18ff9700               Options.compression_opts.strategy: 0
2020/03/13-22:45:15.977997 7f7a18ff9700         Options.compression_opts.max_dict_bytes: 0
2020/03/13-22:45:15.977998 7f7a18ff9700         Options.compression_opts.zstd_max_train_bytes: 0
2020/03/13-22:45:15.977999 7f7a18ff9700                  Options.compression_opts.enabled: false
2020/03/13-22:45:15.978000 7f7a18ff9700      Options.level0_file_num_compaction_trigger: 4
2020/03/13-22:45:15.978001 7f7a18ff9700          Options.level0_slowdown_writes_trigger: 20
2020/03/13-22:45:15.978002 7f7a18ff9700              Options.level0_stop_writes_trigger: 36
2020/03/13-22:45:15.978003 7f7a18ff9700                   Options.target_file_size_base: 67108864
2020/03/13-22:45:15.978004 7f7a18ff9700             Options.target_file_size_multiplier: 1
2020/03/13-22:45:15.978005 7f7a18ff9700                Options.max_bytes_for_level_base: 268435456
2020/03/13-22:45:15.978006 7f7a18ff9700 Options.level_compaction_dynamic_level_bytes: 0
2020/03/13-22:45:15.978012 7f7a18ff9700          Options.max_bytes_for_level_multiplier: 10.000000
2020/03/13-22:45:15.978013 7f7a18ff9700 Options.max_bytes_for_level_multiplier_addtl[0]: 1
2020/03/13-22:45:15.978014 7f7a18ff9700 Options.max_bytes_for_level_multiplier_addtl[1]: 1
2020/03/13-22:45:15.978015 7f7a18ff9700 Options.max_bytes_for_level_multiplier_addtl[2]: 1
2020/03/13-22:45:15.978016 7f7a18ff9700 Options.max_bytes_for_level_multiplier_addtl[3]: 1
2020/03/13-22:45:15.978017 7f7a18ff9700 Options.max_bytes_for_level_multiplier_addtl[4]: 1
2020/03/13-22:45:15.978018 7f7a18ff9700 Options.max_bytes_for_level_multiplier_addtl[5]: 1
2020/03/13-22:45:15.978019 7f7a18ff9700 Options.max_bytes_for_level_multiplier_addtl[6]: 1
2020/03/13-22:45:15.978020 7f7a18ff9700       Options.max_sequential_skip_in_iterations: 8
2020/03/13-22:45:15.978021 7f7a18ff9700                    Options.max_compaction_bytes: 1677721600
2020/03/13-22:45:15.978021 7f7a18ff9700                        Options.arena_block_size: 262144
2020/03/13-22:45:15.978022 7f7a18ff9700   Options.soft_pending_compaction_bytes_limit: 68719476736
2020/03/13-22:45:15.978023 7f7a18ff9700   Options.hard_pending_compaction_bytes_limit: 274877906944
2020/03/13-22:45:15.978024 7f7a18ff9700       Options.rate_limit_delay_max_milliseconds: 100
2020/03/13-22:45:15.978026 7f7a18ff9700                Options.disable_auto_compactions: 0
2020/03/13-22:45:15.978027 7f7a18ff9700                        Options.compaction_style: kCompactionStyleLevel
2020/03/13-22:45:15.978028 7f7a18ff9700                          Options.compaction_pri: kMinOverlappingRatio
2020/03/13-22:45:15.978029 7f7a18ff9700 Options.compaction_options_universal.size_ratio: 1
2020/03/13-22:45:15.978030 7f7a18ff9700 Options.compaction_options_universal.min_merge_width: 2
2020/03/13-22:45:15.978031 7f7a18ff9700 Options.compaction_options_universal.max_merge_width: 4294967295
2020/03/13-22:45:15.978032 7f7a18ff9700 Options.compaction_options_universal.max_size_amplification_percent: 200
2020/03/13-22:45:15.978033 7f7a18ff9700 Options.compaction_options_universal.compression_size_percent: -1
2020/03/13-22:45:15.978034 7f7a18ff9700 Options.compaction_options_universal.stop_style: kCompactionStopStyleTotalSize
2020/03/13-22:45:15.978035 7f7a18ff9700 Options.compaction_options_fifo.max_table_files_size: 1073741824
2020/03/13-22:45:15.978036 7f7a18ff9700 Options.compaction_options_fifo.allow_compaction: 0
2020/03/13-22:45:15.978037 7f7a18ff9700                   Options.table_properties_collectors: 
2020/03/13-22:45:15.978038 7f7a18ff9700                   Options.inplace_update_support: 0
2020/03/13-22:45:15.978039 7f7a18ff9700                 Options.inplace_update_num_locks: 10000
2020/03/13-22:45:15.978040 7f7a18ff9700               Options.memtable_prefix_bloom_size_ratio: 0.000000
2020/03/13-22:45:15.978041 7f7a18ff9700               Options.memtable_whole_key_filtering: 0
2020/03/13-22:45:15.978042 7f7a18ff9700   Options.memtable_huge_page_size: 0
2020/03/13-22:45:15.978043 7f7a18ff9700                           Options.bloom_locality: 0
2020/03/13-22:45:15.978044 7f7a18ff9700                    Options.max_successive_merges: 0
2020/03/13-22:45:15.978045 7f7a18ff9700                Options.optimize_filters_for_hits: 0
2020/03/13-22:45:15.978046 7f7a18ff9700                Options.paranoid_file_checks: 0
2020/03/13-22:45:15.978047 7f7a18ff9700                Options.force_consistency_checks: 0
2020/03/13-22:45:15.978048 7f7a18ff9700                Options.report_bg_io_stats: 0
2020/03/13-22:45:15.978049 7f7a18ff9700                               Options.ttl: 2592000
2020/03/13-22:45:15.978049 7f7a18ff9700          Options.periodic_compaction_seconds: 0
2020/03/13-22:45:15.978050 7f7a18ff9700               Options.comparator: leveldb.BytewiseComparator
2020/03/13-22:45:15.978052 7f7a18ff9700           Options.merge_operator: StringAppendOperator
2020/03/13-22:45:15.978053 7f7a18ff9700        Options.compaction_filter: None
2020/03/13-22:45:15.978053 7f7a18ff9700        Options.compaction_filter_factory: None
2020/03/13-22:45:15.978060 7f7a18ff9700         Options.memtable_factory: SkipListFactory
2020/03/13-22:45:15.978061 7f7a18ff9700            Options.table_factory: BlockBasedTable
2020/03/13-22:45:15.978065 7f7a18ff9700            table_factory options:   flush_block_policy_factory: FlushBlockBySizePolicyFactory (0x7f7bb4b195f0)
  cache_index_and_filter_blocks: 0
  cache_index_and_filter_blocks_with_high_priority: 0
  pin_l0_filter_and_index_blocks_in_cache: 0
  pin_top_level_index_and_filter: 1
  index_type: 0
  data_block_index_type: 0
  index_shortening: 1
  data_block_hash_table_util_ratio: 0.750000
  hash_index_allow_collision: 1
  checksum: 1
  no_block_cache: 0
  block_cache: 0x7f7bb4aa5540
  block_cache_name: LRUCache
  block_cache_options:
    capacity : 102400000
    num_shard_bits : 2
    strict_capacity_limit : 0
    memory_allocator : None
    high_pri_pool_ratio: 0.000
  block_cache_compressed: 0x7f7bb4b06650
  block_cache_name: LRUCache
  block_cache_compressed_options:
    capacity : 32768
    num_shard_bits : 10
    strict_capacity_limit : 0
    memory_allocator : None
    high_pri_pool_ratio: 0.000
  persistent_cache: (nil)
  block_size: 4096
  block_size_deviation: 10
  block_restart_interval: 16
  index_
2020/03/13-22:45:15.978066 7f7a18ff9700        Options.write_buffer_size: 2097152
2020/03/13-22:45:15.978067 7f7a18ff9700  Options.max_write_buffer_number: 2
2020/03/13-22:45:15.978068 7f7a18ff9700          Options.compression: Snappy
2020/03/13-22:45:15.978069 7f7a18ff9700                  Options.bottommost_compression: Disabled
2020/03/13-22:45:15.978070 7f7a18ff9700       Options.prefix_extractor: nullptr
2020/03/13-22:45:15.978071 7f7a18ff9700   Options.memtable_insert_with_hint_prefix_extractor: nullptr
2020/03/13-22:45:15.978073 7f7a18ff9700             Options.num_levels: 7
2020/03/13-22:45:15.978074 7f7a18ff9700        Options.min_write_buffer_number_to_merge: 1
2020/03/13-22:45:15.978075 7f7a18ff9700     Options.max_write_buffer_number_to_maintain: 0
2020/03/13-22:45:15.978076 7f7a18ff9700     Options.max_write_buffer_size_to_maintain: 0
2020/03/13-22:45:15.978077 7f7a18ff9700            Options.bottommost_compression_opts.window_bits: -14
2020/03/13-22:45:15.978078 7f7a18ff9700                  Options.bottommost_compression_opts.level: 32767
2020/03/13-22:45:15.978079 7f7a18ff9700               Options.bottommost_compression_opts.strategy: 0
2020/03/13-22:45:15.978080 7f7a18ff9700         Options.bottommost_compression_opts.max_dict_bytes: 0
2020/03/13-22:45:15.978081 7f7a18ff9700         Options.bottommost_compression_opts.zstd_max_train_bytes: 0
2020/03/13-22:45:15.978082 7f7a18ff9700                  Options.bottommost_compression_opts.enabled: false
2020/03/13-22:45:15.978084 7f7a18ff9700            Options.compression_opts.window_bits: -14
2020/03/13-22:45:15.978085 7f7a18ff9700                  Options.compression_opts.level: 32767
2020/03/13-22:45:15.978086 7f7a18ff9700               Options.compression_opts.strategy: 0
2020/03/13-22:45:15.978088 7f7a18ff9700         Options.compression_opts.max_dict_bytes: 0
2020/03/13-22:45:15.978089 7f7a18ff9700         Options.compression_opts.zstd_max_train_bytes: 0
2020/03/13-22:45:15.978090 7f7a18ff9700                  Options.compression_opts.enabled: false
2020/03/13-22:45:15.978091 7f7a18ff9700      Options.level0_file_num_compaction_trigger: 4
2020/03/13-22:45:15.978092 7f7a18ff9700          Options.level0_slowdown_writes_trigger: 20
2020/03/13-22:45:15.978093 7f7a18ff9700              Options.level0_stop_writes_trigger: 36
2020/03/13-22:45:15.978094 7f7a18ff9700                   Options.target_file_size_base: 67108864
2020/03/13-22:45:15.978095 7f7a18ff9700             Options.target_file_size_multiplier: 1
2020/03/13-22:45:15.978096 7f7a18ff9700                Options.max_bytes_for_level_base: 268435456
2020/03/13-22:45:15.978097 7f7a18ff9700 Options.level_compaction_dynamic_level_bytes: 0
2020/03/13-22:45:15.978098 7f7a18ff9700          Options.max_bytes_for_level_multiplier: 10.000000
2020/03/13-22:45:15.978099 7f7a18ff9700 Options.max_bytes_for_level_multiplier_addtl[0]: 1
2020/03/13-22:45:15.978105 7f7a18ff9700 Options.max_bytes_for_level_multiplier_addtl[1]: 1
2020/03/13-22:45:15.978106 7f7a18ff9700 Options.max_bytes_for_level_multiplier_addtl[2]: 1
2020/03/13-22:45:15.978107 7f7a18ff9700 Options.max_bytes_for_level_multiplier_addtl[3]: 1
2020/03/13-22:45:15.978108 7f7a18ff9700 Options.max_bytes_for_level_multiplier_addtl[4]: 1
2020/03/13-22:45:15.978109 7f7a18ff9700 Options.max_bytes_for_level_multiplier_addtl[5]: 1
2020/03/13-22:45:15.978110 7f7a18ff9700 Options.max_bytes_for_level_multiplier_addtl[6]: 1
2020/03/13-22:45:15.978111 7f7a18ff9700       Options.max_sequential_skip_in_iterations: 8
2020/03/13-22:45:15.978112 7f7a18ff9700                    Options.max_compaction_bytes: 1677721600
2020/03/13-22:45:15.978113 7f7a18ff9700                        Options.arena_block_size: 262144
2020/03/13-22:45:15.978114 7f7a18ff9700   Options.soft_pending_compaction_bytes_limit: 68719476736
2020/03/13-22:45:15.978115 7f7a18ff9700   Options.hard_pending_compaction_bytes_limit: 274877906944
2020/03/13-22:45:15.978116 7f7a18ff9700       Options.rate_limit_delay_max_milliseconds: 100
2020/03/13-22:45:15.978117 7f7a18ff9700                Options.disable_auto_compactions: 0
2020/03/13-22:45:15.978118 7f7a18ff9700                        Options.compaction_style: kCompactionStyleLevel
2020/03/13-22:45:15.978119 7f7a18ff9700                          Options.compaction_pri: kMinOverlappingRatio
2020/03/13-22:45:15.978120 7f7a18ff9700 Options.compaction_options_universal.size_ratio: 1
2020/03/13-22:45:15.978121 7f7a18ff9700 Options.compaction_options_universal.min_merge_width: 2
2020/03/13-22:45:15.978122 7f7a18ff9700 Options.compaction_options_universal.max_merge_width: 4294967295
2020/03/13-22:45:15.978123 7f7a18ff9700 Options.compaction_options_universal.max_size_amplification_percent: 200
2020/03/13-22:45:15.978124 7f7a18ff9700 Options.compaction_options_universal.compression_size_percent: -1
2020/03/13-22:45:15.978125 7f7a18ff9700 Options.compaction_options_universal.stop_style: kCompactionStopStyleTotalSize
2020/03/13-22:45:15.978126 7f7a18ff9700 Options.compaction_options_fifo.max_table_files_size: 1073741824
2020/03/13-22:45:15.978127 7f7a18ff9700 Options.compaction_options_fifo.allow_compaction: 0
2020/03/13-22:45:15.978127 7f7a18ff9700                   Options.table_properties_collectors: 
2020/03/13-22:45:15.978128 7f7a18ff9700                   Options.inplace_update_support: 0
2020/03/13-22:45:15.978129 7f7a18ff9700                 Options.inplace_update_num_locks: 10000
2020/03/13-22:45:15.978130 7f7a18ff9700               Options.memtable_prefix_bloom_size_ratio: 0.000000
2020/03/13-22:45:15.978131 7f7a18ff9700               Options.memtable_whole_key_filtering: 0
2020/03/13-22:45:15.978132 7f7a18ff9700   Options.memtable_huge_page_size: 0
2020/03/13-22:45:15.978133 7f7a18ff9700                           Options.bloom_locality: 0
2020/03/13-22:45:15.978134 7f7a18ff9700                    Options.max_successive_merges: 0
2020/03/13-22:45:15.978135 7f7a18ff9700                Options.optimize_filters_for_hits: 0
2020/03/13-22:45:15.978136 7f7a18ff9700                Options.paranoid_file_checks: 0
2020/03/13-22:45:15.978137 7f7a18ff9700                Options.force_consistency_checks: 0
2020/03/13-22:45:15.978138 7f7a18ff9700                Options.report_bg_io_stats: 0
2020/03/13-22:45:15.978139 7f7a18ff9700                               Options.ttl: 2592000
2020/03/13-22:45:15.978140 7f7a18ff9700          Options.periodic_compaction_seconds: 0
2020/03/13-22:45:15.978141 7f7a18ff9700               Options.comparator: leveldb.BytewiseComparator
2020/03/13-22:45:15.978142 7f7a18ff9700           Options.merge_operator: StringAppendOperator
2020/03/13-22:45:15.978144 7f7a18ff9700        Options.compaction_filter: None
2020/03/13-22:45:15.978144 7f7a18ff9700        Options.compaction_filter_factory: None
2020/03/13-22:45:15.978145 7f7a18ff9700         Options.memtable_factory: SkipListFactory
2020/03/13-22:45:15.978146 7f7a18ff9700            Options.table_factory: BlockBasedTable
2020/03/13-22:45:15.978156 7f7a18ff9700            table_factory options:   flush_block_policy_factory: FlushBlockBySizePolicyFactory (0x7f7bb4b195f0)
  cache_index_and_filter_blocks: 0
  cache_index_and_filter_blocks_with_high_priority: 0
  pin_l0_filter_and_index_blocks_in_cache: 0
  pin_top_level_index_and_filter: 1
  index_type: 0
  data_block_index_type: 0
  index_shortening: 1
  data_block_hash_table_util_ratio: 0.750000
  hash_index_allow_collision: 1
  checksum: 1
  no_block_cache: 0
  block_cache: 0x7f7bb4aa5540
  block_cache_name: LRUCache
  block_cache_options:
    capacity : 102400000
    num_shard_bits : 2
    strict_capacity_limit : 0
    memory_allocator : None
    high_pri_pool_ratio: 0.000
  block_cache_compressed: 0x7f7bb4b06650
  block_cache_name: LRUCache
  block_cache_compressed_options:
    capacity : 32768
    num_shard_bits : 10
    strict_capacity_limit : 0
    memory_allocator : None
    high_pri_pool_ratio: 0.000
  persistent_cache: (nil)
  block_size: 4096
  block_size_deviation: 10
  block_restart_interval: 16
  index_
2020/03/13-22:45:15.978157 7f7a18ff9700        Options.write_buffer_size: 2097152
2020/03/13-22:45:15.978158 7f7a18ff9700  Options.max_write_buffer_number: 2
2020/03/13-22:45:15.978159 7f7a18ff9700          Options.compression: Snappy
2020/03/13-22:45:15.978160 7f7a18ff9700                  Options.bottommost_compression: Disabled
2020/03/13-22:45:15.978161 7f7a18ff9700       Options.prefix_extractor: nullptr
2020/03/13-22:45:15.978162 7f7a18ff9700   Options.memtable_insert_with_hint_prefix_extractor: nullptr
2020/03/13-22:45:15.978163 7f7a18ff9700             Options.num_levels: 7
2020/03/13-22:45:15.978164 7f7a18ff9700        Options.min_write_buffer_number_to_merge: 1
2020/03/13-22:45:15.978166 7f7a18ff9700     Options.max_write_buffer_number_to_maintain: 0
2020/03/13-22:45:15.978167 7f7a18ff9700     Options.max_write_buffer_size_to_maintain: 0
2020/03/13-22:45:15.978168 7f7a18ff9700            Options.bottommost_compression_opts.window_bits: -14
2020/03/13-22:45:15.978169 7f7a18ff9700                  Options.bottommost_compression_opts.level: 32767
2020/03/13-22:45:15.978170 7f7a18ff9700               Options.bottommost_compression_opts.strategy: 0
2020/03/13-22:45:15.978171 7f7a18ff9700         Options.bottommost_compression_opts.max_dict_bytes: 0
2020/03/13-22:45:15.978172 7f7a18ff9700         Options.bottommost_compression_opts.zstd_max_train_bytes: 0
2020/03/13-22:45:15.978173 7f7a18ff9700                  Options.bottommost_compression_opts.enabled: false
2020/03/13-22:45:15.978174 7f7a18ff9700            Options.compression_opts.window_bits: -14
2020/03/13-22:45:15.978175 7f7a18ff9700                  Options.compression_opts.level: 32767
2020/03/13-22:45:15.978176 7f7a18ff9700               Options.compression_opts.strategy: 0
2020/03/13-22:45:15.978177 7f7a18ff9700         Options.compression_opts.max_dict_bytes: 0
2020/03/13-22:45:15.978178 7f7a18ff9700         Options.compression_opts.zstd_max_train_bytes: 0
2020/03/13-22:45:15.978179 7f7a18ff9700                  Options.compression_opts.enabled: false
2020/03/13-22:45:15.978179 7f7a18ff9700      Options.level0_file_num_compaction_trigger: 4
2020/03/13-22:45:15.978180 7f7a18ff9700          Options.level0_slowdown_writes_trigger: 20
2020/03/13-22:45:15.978181 7f7a18ff9700              Options.level0_stop_writes_trigger: 36
2020/03/13-22:45:15.978182 7f7a18ff9700                   Options.target_file_size_base: 67108864
2020/03/13-22:45:15.978183 7f7a18ff9700             Options.target_file_size_multiplier: 1
2020/03/13-22:45:15.978184 7f7a18ff9700                Options.max_bytes_for_level_base: 268435456
2020/03/13-22:45:15.978185 7f7a18ff9700 Options.level_compaction_dynamic_level_bytes: 0
2020/03/13-22:45:15.978186 7f7a18ff9700          Options.max_bytes_for_level_multiplier: 10.000000
2020/03/13-22:45:15.978187 7f7a18ff9700 Options.max_bytes_for_level_multiplier_addtl[0]: 1
2020/03/13-22:45:15.978188 7f7a18ff9700 Options.max_bytes_for_level_multiplier_addtl[1]: 1
2020/03/13-22:45:15.978189 7f7a18ff9700 Options.max_bytes_for_level_multiplier_addtl[2]: 1
2020/03/13-22:45:15.978196 7f7a18ff9700 Options.max_bytes_for_level_multiplier_addtl[3]: 1
2020/03/13-22:45:15.978197 7f7a18ff9700 Options.max_bytes_for_level_multiplier_addtl[4]: 1
2020/03/13-22:45:15.978198 7f7a18ff9700 Options.max_bytes_for_level_multiplier_addtl[5]: 1
2020/03/13-22:45:15.978199 7f7a18ff9700 Options.max_bytes_for_level_multiplier_addtl[6]: 1
2020/03/13-22:45:15.978200 7f7a18ff9700       Options.max_sequential_skip_in_iterations: 8
2020/03/13-22:45:15.978201 7f7a18ff9700                    Options.max_compaction_bytes: 1677721600
2020/03/13-22:45:15.978202 7f7a18ff9700                        Options.arena_block_size: 262144
2020/03/13-22:45:15.978202 7f7a18ff9700   Options.soft_pending_compaction_bytes_limit: 68719476736
2020/03/13-22:45:15.978203 7f7a18ff9700   Options.hard_pending_compaction_bytes_limit: 274877906944
2020/03/13-22:45:15.978204 7f7a18ff9700       Options.rate_limit_delay_max_milliseconds: 100
2020/03/13-22:45:15.978205 7f7a18ff9700                Options.disable_auto_compactions: 0
2020/03/13-22:45:15.978206 7f7a18ff9700                        Options.compaction_style: kCompactionStyleLevel
2020/03/13-22:45:15.978207 7f7a18ff9700                          Options.compaction_pri: kMinOverlappingRatio
2020/03/13-22:45:15.978208 7f7a18ff9700 Options.compaction_options_universal.size_ratio: 1
2020/03/13-22:45:15.978209 7f7a18ff9700 Options.compaction_options_universal.min_merge_width: 2
2020/03/13-22:45:15.978210 7f7a18ff9700 Options.compaction_options_universal.max_merge_width: 4294967295
2020/03/13-22:45:15.978211 7f7a18ff9700 Options.compaction_options_universal.max_size_amplification_percent: 200
2020/03/13-22:45:15.978212 7f7a18ff9700 Options.compaction_options_universal.compression_size_percent: -1
2020/03/13-22:45:15.978213 7f7a18ff9700 Options.compaction_options_universal.stop_style: kCompactionStopStyleTotalSize
2020/03/13-22:45:15.978214 7f7a18ff9700 Options.compaction_options_fifo.max_table_files_size: 1073741824
2020/03/13-22:45:15.978215 7f7a18ff9700 Options.compaction_options_fifo.allow_compaction: 0
2020/03/13-22:45:15.978216 7f7a18ff9700                   Options.table_properties_collectors: 
2020/03/13-22:45:15.978217 7f7a18ff9700                   Options.inplace_update_support: 0
2020/03/13-22:45:15.978218 7f7a18ff9700                 Options.inplace_update_num_locks: 10000
2020/03/13-22:45:15.978219 7f7a18ff9700               Options.memtable_prefix_bloom_size_ratio: 0.000000
2020/03/13-22:45:15.978220 7f7a18ff9700               Options.memtable_whole_key_filtering: 0
2020/03/13-22:45:15.978221 7f7a18ff9700   Options.memtable_huge_page_size: 0
2020/03/13-22:45:15.978222 7f7a18ff9700                           Options.bloom_locality: 0
2020/03/13-22:45:15.978223 7f7a18ff9700                    Options.max_successive_merges: 0
2020/03/13-22:45:15.978224 7f7a18ff9700                Options.optimize_filters_for_hits: 0
