2020/03/12-22:29:34.975486 7fd96f032700 RocksDB version: 6.6.4
2020/03/12-22:29:34.975522 7fd96f032700 Git sha rocksdb_build_git_sha:
2020/03/12-22:29:34.975524 7fd96f032700 Compile date Feb 12 2020
2020/03/12-22:29:34.975526 7fd96f032700 DB SUMMARY
2020/03/12-22:29:34.975538 7fd96f032700 SST files in testnetdb dir, Total Num: 0, files: 
2020/03/12-22:29:34.975541 7fd96f032700 Write Ahead Log file in testnetdb: 
2020/03/12-22:29:34.975543 7fd96f032700                         Options.error_if_exists: 0
2020/03/12-22:29:34.975545 7fd96f032700                       Options.create_if_missing: 1
2020/03/12-22:29:34.975546 7fd96f032700                         Options.paranoid_checks: 1
2020/03/12-22:29:34.975548 7fd96f032700                                     Options.env: 0x7fd8a2304020
2020/03/12-22:29:34.975549 7fd96f032700                                Options.info_log: 0x7fd968af9960
2020/03/12-22:29:34.975551 7fd96f032700                Options.max_file_opening_threads: 16
2020/03/12-22:29:34.975553 7fd96f032700                              Options.statistics: (nil)
2020/03/12-22:29:34.975554 7fd96f032700                               Options.use_fsync: 0
2020/03/12-22:29:34.975556 7fd96f032700                       Options.max_log_file_size: 1048576
2020/03/12-22:29:34.975557 7fd96f032700                  Options.max_manifest_file_size: 1048576
2020/03/12-22:29:34.975559 7fd96f032700                   Options.log_file_time_to_roll: 0
2020/03/12-22:29:34.975560 7fd96f032700                       Options.keep_log_file_num: 1000
2020/03/12-22:29:34.975562 7fd96f032700                    Options.recycle_log_file_num: 0
2020/03/12-22:29:34.975563 7fd96f032700                         Options.allow_fallocate: 1
2020/03/12-22:29:34.975565 7fd96f032700                        Options.allow_mmap_reads: 0
2020/03/12-22:29:34.975566 7fd96f032700                       Options.allow_mmap_writes: 0
2020/03/12-22:29:34.975568 7fd96f032700                        Options.use_direct_reads: 0
2020/03/12-22:29:34.975569 7fd96f032700                        Options.use_direct_io_for_flush_and_compaction: 0
2020/03/12-22:29:34.975570 7fd96f032700          Options.create_missing_column_families: 1
2020/03/12-22:29:34.975572 7fd96f032700                              Options.db_log_dir: 
2020/03/12-22:29:34.975573 7fd96f032700                                 Options.wal_dir: testnetdb
2020/03/12-22:29:34.975575 7fd96f032700                Options.table_cache_numshardbits: 6
2020/03/12-22:29:34.975576 7fd96f032700                      Options.max_subcompactions: 30
2020/03/12-22:29:34.975578 7fd96f032700                  Options.max_background_flushes: -1
2020/03/12-22:29:34.975579 7fd96f032700                         Options.WAL_ttl_seconds: 0
2020/03/12-22:29:34.975581 7fd96f032700                       Options.WAL_size_limit_MB: 0
2020/03/12-22:29:34.975582 7fd96f032700                        Options.max_write_batch_group_size_bytes: 1048576
2020/03/12-22:29:34.975584 7fd96f032700             Options.manifest_preallocation_size: 4194304
2020/03/12-22:29:34.975585 7fd96f032700                     Options.is_fd_close_on_exec: 1
2020/03/12-22:29:34.975587 7fd96f032700                   Options.advise_random_on_open: 1
2020/03/12-22:29:34.975588 7fd96f032700                    Options.db_write_buffer_size: 0
2020/03/12-22:29:34.975590 7fd96f032700                    Options.write_buffer_manager: 0x7fd968b69140
2020/03/12-22:29:34.975591 7fd96f032700         Options.access_hint_on_compaction_start: 1
2020/03/12-22:29:34.975593 7fd96f032700  Options.new_table_reader_for_compaction_inputs: 0
2020/03/12-22:29:34.975595 7fd96f032700           Options.random_access_max_buffer_size: 1048576
2020/03/12-22:29:34.975596 7fd96f032700                      Options.use_adaptive_mutex: 0
2020/03/12-22:29:34.975598 7fd96f032700                            Options.rate_limiter: (nil)
2020/03/12-22:29:34.975600 7fd96f032700     Options.sst_file_manager.rate_bytes_per_sec: 0
2020/03/12-22:29:34.975601 7fd96f032700                       Options.wal_recovery_mode: 2
2020/03/12-22:29:34.975603 7fd96f032700                  Options.enable_thread_tracking: 0
2020/03/12-22:29:34.975611 7fd96f032700                  Options.enable_pipelined_write: 0
2020/03/12-22:29:34.975612 7fd96f032700                  Options.unordered_write: 0
2020/03/12-22:29:34.975614 7fd96f032700         Options.allow_concurrent_memtable_write: 1
2020/03/12-22:29:34.975615 7fd96f032700      Options.enable_write_thread_adaptive_yield: 1
2020/03/12-22:29:34.975617 7fd96f032700             Options.write_thread_max_yield_usec: 100
2020/03/12-22:29:34.975618 7fd96f032700            Options.write_thread_slow_yield_usec: 3
2020/03/12-22:29:34.975620 7fd96f032700                               Options.row_cache: None
2020/03/12-22:29:34.975621 7fd96f032700                              Options.wal_filter: None
2020/03/12-22:29:34.975623 7fd96f032700             Options.avoid_flush_during_recovery: 0
2020/03/12-22:29:34.975624 7fd96f032700             Options.allow_ingest_behind: 0
2020/03/12-22:29:34.975625 7fd96f032700             Options.preserve_deletes: 0
2020/03/12-22:29:34.975627 7fd96f032700             Options.two_write_queues: 0
2020/03/12-22:29:34.975628 7fd96f032700             Options.manual_wal_flush: 0
2020/03/12-22:29:34.975630 7fd96f032700             Options.atomic_flush: 0
2020/03/12-22:29:34.975631 7fd96f032700             Options.avoid_unnecessary_blocking_io: 0
2020/03/12-22:29:34.975632 7fd96f032700                 Options.persist_stats_to_disk: 0
2020/03/12-22:29:34.975634 7fd96f032700                 Options.write_dbid_to_manifest: 0
2020/03/12-22:29:34.975635 7fd96f032700                 Options.log_readahead_size: 0
2020/03/12-22:29:34.975637 7fd96f032700             Options.max_background_jobs: 2
2020/03/12-22:29:34.975638 7fd96f032700             Options.max_background_compactions: 1
2020/03/12-22:29:34.975640 7fd96f032700             Options.avoid_flush_during_shutdown: 0
2020/03/12-22:29:34.975641 7fd96f032700           Options.writable_file_max_buffer_size: 1048576
2020/03/12-22:29:34.975643 7fd96f032700             Options.delayed_write_rate : 16777216
2020/03/12-22:29:34.975644 7fd96f032700             Options.max_total_wal_size: 0
2020/03/12-22:29:34.975646 7fd96f032700             Options.delete_obsolete_files_period_micros: 21600000000
2020/03/12-22:29:34.975647 7fd96f032700                   Options.stats_dump_period_sec: 600
2020/03/12-22:29:34.975649 7fd96f032700                 Options.stats_persist_period_sec: 600
2020/03/12-22:29:34.975651 7fd96f032700                 Options.stats_history_buffer_size: 1048576
2020/03/12-22:29:34.975652 7fd96f032700                          Options.max_open_files: 10000
2020/03/12-22:29:34.975654 7fd96f032700                          Options.bytes_per_sync: 0
2020/03/12-22:29:34.975655 7fd96f032700                      Options.wal_bytes_per_sync: 0
2020/03/12-22:29:34.975657 7fd96f032700                   Options.strict_bytes_per_sync: 0
2020/03/12-22:29:34.975659 7fd96f032700       Options.compaction_readahead_size: 0
2020/03/12-22:29:34.975660 7fd96f032700 Compression algorithms supported:
2020/03/12-22:29:34.975662 7fd96f032700 	kZSTDNotFinalCompression supported: 1
2020/03/12-22:29:34.975664 7fd96f032700 	kZSTD supported: 1
2020/03/12-22:29:34.975666 7fd96f032700 	kXpressCompression supported: 0
2020/03/12-22:29:34.975668 7fd96f032700 	kLZ4HCCompression supported: 1
2020/03/12-22:29:34.975669 7fd96f032700 	kLZ4Compression supported: 1
2020/03/12-22:29:34.975671 7fd96f032700 	kBZip2Compression supported: 1
2020/03/12-22:29:34.975672 7fd96f032700 	kZlibCompression supported: 1
2020/03/12-22:29:34.975674 7fd96f032700 	kSnappyCompression supported: 1
2020/03/12-22:29:34.975676 7fd96f032700 Fast CRC32 supported: Not supported on x86
2020/03/12-22:29:34.983328 7fd96f032700 [_impl/db_impl_open.cc:254] Creating manifest 1 
2020/03/12-22:29:35.004136 7fd96f032700 [rsion_set.cc:4377] Recovering from manifest file: testnetdb/MANIFEST-000001
2020/03/12-22:29:35.004183 7fd96f032700 [lumn_family.cc:550] --------------- Options for column family [default]:
2020/03/12-22:29:35.004187 7fd96f032700               Options.comparator: leveldb.BytewiseComparator
2020/03/12-22:29:35.004200 7fd96f032700           Options.merge_operator: StringAppendOperator
2020/03/12-22:29:35.004202 7fd96f032700        Options.compaction_filter: None
2020/03/12-22:29:35.004203 7fd96f032700        Options.compaction_filter_factory: None
2020/03/12-22:29:35.004204 7fd96f032700         Options.memtable_factory: SkipListFactory
2020/03/12-22:29:35.004206 7fd96f032700            Options.table_factory: BlockBasedTable
2020/03/12-22:29:35.004227 7fd96f032700            table_factory options:   flush_block_policy_factory: FlushBlockBySizePolicyFactory (0x7fd968b199f0)
  cache_index_and_filter_blocks: 0
  cache_index_and_filter_blocks_with_high_priority: 0
  pin_l0_filter_and_index_blocks_in_cache: 0
  pin_top_level_index_and_filter: 1
  index_type: 0
  data_block_index_type: 0
  index_shortening: 1
  data_block_hash_table_util_ratio: 0.750000
  hash_index_allow_collision: 1
  checksum: 1
  no_block_cache: 0
  block_cache: 0x7fd968aa0180
  block_cache_name: LRUCache
  block_cache_options:
    capacity : 102400000
    num_shard_bits : 2
    strict_capacity_limit : 0
    memory_allocator : None
    high_pri_pool_ratio: 0.000
  block_cache_compressed: 0x7fd968aa0460
  block_cache_name: LRUCache
  block_cache_compressed_options:
    capacity : 32768
    num_shard_bits : 10
    strict_capacity_limit : 0
    memory_allocator : None
    high_pri_pool_ratio: 0.000
  persistent_cache: (nil)
  block_size: 4096
  block_size_deviation: 10
  block_restart_interval: 16
  index_block_restart_interval: 1
  metadata_block_size: 4096
  partition_filters: 0
  use_delta_encoding: 1
  filter_policy: rocksdb.BuiltinBloomFilter
  whole_key_filtering: 1
  verify_compression: 1
  read_amp_bytes_per_bit: 0
  format_version: 2
  enable_index_compression: 1
  block_align: 0
2020/03/12-22:29:35.004229 7fd96f032700        Options.write_buffer_size: 2097152
2020/03/12-22:29:35.004231 7fd96f032700  Options.max_write_buffer_number: 2
2020/03/12-22:29:35.004232 7fd96f032700          Options.compression: Snappy
2020/03/12-22:29:35.004233 7fd96f032700                  Options.bottommost_compression: Disabled
2020/03/12-22:29:35.004235 7fd96f032700       Options.prefix_extractor: nullptr
2020/03/12-22:29:35.004236 7fd96f032700   Options.memtable_insert_with_hint_prefix_extractor: nullptr
2020/03/12-22:29:35.004237 7fd96f032700             Options.num_levels: 7
2020/03/12-22:29:35.004238 7fd96f032700        Options.min_write_buffer_number_to_merge: 1
2020/03/12-22:29:35.004239 7fd96f032700     Options.max_write_buffer_number_to_maintain: 0
2020/03/12-22:29:35.004240 7fd96f032700     Options.max_write_buffer_size_to_maintain: 0
2020/03/12-22:29:35.004242 7fd96f032700            Options.bottommost_compression_opts.window_bits: -14
2020/03/12-22:29:35.004243 7fd96f032700                  Options.bottommost_compression_opts.level: 32767
2020/03/12-22:29:35.004244 7fd96f032700               Options.bottommost_compression_opts.strategy: 0
2020/03/12-22:29:35.004246 7fd96f032700         Options.bottommost_compression_opts.max_dict_bytes: 0
2020/03/12-22:29:35.004247 7fd96f032700         Options.bottommost_compression_opts.zstd_max_train_bytes: 0
2020/03/12-22:29:35.004248 7fd96f032700                  Options.bottommost_compression_opts.enabled: false
2020/03/12-22:29:35.004249 7fd96f032700            Options.compression_opts.window_bits: -14
2020/03/12-22:29:35.004250 7fd96f032700                  Options.compression_opts.level: 32767
2020/03/12-22:29:35.004251 7fd96f032700               Options.compression_opts.strategy: 0
2020/03/12-22:29:35.004253 7fd96f032700         Options.compression_opts.max_dict_bytes: 0
2020/03/12-22:29:35.004254 7fd96f032700         Options.compression_opts.zstd_max_train_bytes: 0
2020/03/12-22:29:35.004255 7fd96f032700                  Options.compression_opts.enabled: false
2020/03/12-22:29:35.004256 7fd96f032700      Options.level0_file_num_compaction_trigger: 4
2020/03/12-22:29:35.004258 7fd96f032700          Options.level0_slowdown_writes_trigger: 20
2020/03/12-22:29:35.004259 7fd96f032700              Options.level0_stop_writes_trigger: 36
2020/03/12-22:29:35.004265 7fd96f032700                   Options.target_file_size_base: 67108864
2020/03/12-22:29:35.004266 7fd96f032700             Options.target_file_size_multiplier: 1
2020/03/12-22:29:35.004267 7fd96f032700                Options.max_bytes_for_level_base: 268435456
2020/03/12-22:29:35.004269 7fd96f032700 Options.level_compaction_dynamic_level_bytes: 0
2020/03/12-22:29:35.004271 7fd96f032700          Options.max_bytes_for_level_multiplier: 10.000000
2020/03/12-22:29:35.004272 7fd96f032700 Options.max_bytes_for_level_multiplier_addtl[0]: 1
2020/03/12-22:29:35.004274 7fd96f032700 Options.max_bytes_for_level_multiplier_addtl[1]: 1
2020/03/12-22:29:35.004275 7fd96f032700 Options.max_bytes_for_level_multiplier_addtl[2]: 1
2020/03/12-22:29:35.004276 7fd96f032700 Options.max_bytes_for_level_multiplier_addtl[3]: 1
2020/03/12-22:29:35.004277 7fd96f032700 Options.max_bytes_for_level_multiplier_addtl[4]: 1
2020/03/12-22:29:35.004279 7fd96f032700 Options.max_bytes_for_level_multiplier_addtl[5]: 1
2020/03/12-22:29:35.004280 7fd96f032700 Options.max_bytes_for_level_multiplier_addtl[6]: 1
2020/03/12-22:29:35.004281 7fd96f032700       Options.max_sequential_skip_in_iterations: 8
2020/03/12-22:29:35.004282 7fd96f032700                    Options.max_compaction_bytes: 1677721600
2020/03/12-22:29:35.004284 7fd96f032700                        Options.arena_block_size: 262144
2020/03/12-22:29:35.004285 7fd96f032700   Options.soft_pending_compaction_bytes_limit: 68719476736
2020/03/12-22:29:35.004286 7fd96f032700   Options.hard_pending_compaction_bytes_limit: 274877906944
2020/03/12-22:29:35.004287 7fd96f032700       Options.rate_limit_delay_max_milliseconds: 100
2020/03/12-22:29:35.004288 7fd96f032700                Options.disable_auto_compactions: 0
2020/03/12-22:29:35.004290 7fd96f032700                        Options.compaction_style: kCompactionStyleLevel
2020/03/12-22:29:35.004291 7fd96f032700                          Options.compaction_pri: kMinOverlappingRatio
2020/03/12-22:29:35.004293 7fd96f032700 Options.compaction_options_universal.size_ratio: 1
2020/03/12-22:29:35.004294 7fd96f032700 Options.compaction_options_universal.min_merge_width: 2
2020/03/12-22:29:35.004295 7fd96f032700 Options.compaction_options_universal.max_merge_width: 4294967295
2020/03/12-22:29:35.004296 7fd96f032700 Options.compaction_options_universal.max_size_amplification_percent: 200
2020/03/12-22:29:35.004297 7fd96f032700 Options.compaction_options_universal.compression_size_percent: -1
2020/03/12-22:29:35.004299 7fd96f032700 Options.compaction_options_universal.stop_style: kCompactionStopStyleTotalSize
2020/03/12-22:29:35.004300 7fd96f032700 Options.compaction_options_fifo.max_table_files_size: 1073741824
2020/03/12-22:29:35.004302 7fd96f032700 Options.compaction_options_fifo.allow_compaction: 0
2020/03/12-22:29:35.004303 7fd96f032700                   Options.table_properties_collectors: 
2020/03/12-22:29:35.004304 7fd96f032700                   Options.inplace_update_support: 0
2020/03/12-22:29:35.004305 7fd96f032700                 Options.inplace_update_num_locks: 10000
2020/03/12-22:29:35.004307 7fd96f032700               Options.memtable_prefix_bloom_size_ratio: 0.000000
2020/03/12-22:29:35.004308 7fd96f032700               Options.memtable_whole_key_filtering: 0
2020/03/12-22:29:35.004309 7fd96f032700   Options.memtable_huge_page_size: 0
2020/03/12-22:29:35.004311 7fd96f032700                           Options.bloom_locality: 0
2020/03/12-22:29:35.004312 7fd96f032700                    Options.max_successive_merges: 0
2020/03/12-22:29:35.004313 7fd96f032700                Options.optimize_filters_for_hits: 0
2020/03/12-22:29:35.004314 7fd96f032700                Options.paranoid_file_checks: 0
2020/03/12-22:29:35.004315 7fd96f032700                Options.force_consistency_checks: 0
2020/03/12-22:29:35.004316 7fd96f032700                Options.report_bg_io_stats: 0
2020/03/12-22:29:35.004318 7fd96f032700                               Options.ttl: 2592000
2020/03/12-22:29:35.004319 7fd96f032700          Options.periodic_compaction_seconds: 0
2020/03/12-22:29:35.005402 7fd96f032700 [rsion_set.cc:4527] Recovered from manifest file:testnetdb/MANIFEST-000001 succeeded,manifest_file_number is 1, next_file_number is 3, last_sequence is 0, log_number is 0,prev_log_number is 0,max_column_family is 0,min_log_number_to_keep is 0
2020/03/12-22:29:35.005409 7fd96f032700 [rsion_set.cc:4536] Column family [default] (ID 0), log number is 0
2020/03/12-22:29:35.005560 7fd96f032700 [rsion_set.cc:3788] Creating manifest 4
2020/03/12-22:29:35.026332 7fd96f032700 [lumn_family.cc:550] --------------- Options for column family [transaction]:
2020/03/12-22:29:35.026351 7fd96f032700               Options.comparator: leveldb.BytewiseComparator
2020/03/12-22:29:35.026358 7fd96f032700           Options.merge_operator: StringAppendOperator
2020/03/12-22:29:35.026363 7fd96f032700        Options.compaction_filter: None
2020/03/12-22:29:35.026368 7fd96f032700        Options.compaction_filter_factory: None
2020/03/12-22:29:35.026372 7fd96f032700         Options.memtable_factory: SkipListFactory
2020/03/12-22:29:35.026377 7fd96f032700            Options.table_factory: BlockBasedTable
2020/03/12-22:29:35.026445 7fd96f032700            table_factory options:   flush_block_policy_factory: FlushBlockBySizePolicyFactory (0x7fd968b199f0)
  cache_index_and_filter_blocks: 0
  cache_index_and_filter_blocks_with_high_priority: 0
  pin_l0_filter_and_index_blocks_in_cache: 0
  pin_top_level_index_and_filter: 1
  index_type: 0
  data_block_index_type: 0
  index_shortening: 1
  data_block_hash_table_util_ratio: 0.750000
  hash_index_allow_collision: 1
  checksum: 1
  no_block_cache: 0
  block_cache: 0x7fd968aa0180
  block_cache_name: LRUCache
  block_cache_options:
    capacity : 102400000
    num_shard_bits : 2
    strict_capacity_limit : 0
    memory_allocator : None
    high_pri_pool_ratio: 0.000
  block_cache_compressed: 0x7fd968aa0460
  block_cache_name: LRUCache
  block_cache_compressed_options:
    capacity : 32768
    num_shard_bits : 10
    strict_capacity_limit : 0
    memory_allocator : None
    high_pri_pool_ratio: 0.000
  persistent_cache: (nil)
  block_size: 4096
  block_size_deviation: 10
  block_restart_interval: 16
  index_block_restart_interval: 1
  metadata_block_size: 4096
  partition_filters: 0
  use_delta_encoding: 1
  filter_policy: rocksdb.BuiltinBloomFilter
  whole_key_filtering: 1
  verify_compression: 1
  read_amp_bytes_per_bit: 0
  format_version: 2
  enable_index_compression: 1
  block_align: 0
2020/03/12-22:29:35.026451 7fd96f032700        Options.write_buffer_size: 2097152
2020/03/12-22:29:35.026456 7fd96f032700  Options.max_write_buffer_number: 2
2020/03/12-22:29:35.026462 7fd96f032700          Options.compression: Snappy
2020/03/12-22:29:35.026466 7fd96f032700                  Options.bottommost_compression: Disabled
2020/03/12-22:29:35.026471 7fd96f032700       Options.prefix_extractor: nullptr
2020/03/12-22:29:35.026476 7fd96f032700   Options.memtable_insert_with_hint_prefix_extractor: nullptr
2020/03/12-22:29:35.026480 7fd96f032700             Options.num_levels: 7
2020/03/12-22:29:35.026485 7fd96f032700        Options.min_write_buffer_number_to_merge: 1
2020/03/12-22:29:35.026489 7fd96f032700     Options.max_write_buffer_number_to_maintain: 0
2020/03/12-22:29:35.026494 7fd96f032700     Options.max_write_buffer_size_to_maintain: 0
2020/03/12-22:29:35.026499 7fd96f032700            Options.bottommost_compression_opts.window_bits: -14
2020/03/12-22:29:35.026504 7fd96f032700                  Options.bottommost_compression_opts.level: 32767
2020/03/12-22:29:35.026509 7fd96f032700               Options.bottommost_compression_opts.strategy: 0
2020/03/12-22:29:35.026514 7fd96f032700         Options.bottommost_compression_opts.max_dict_bytes: 0
2020/03/12-22:29:35.026518 7fd96f032700         Options.bottommost_compression_opts.zstd_max_train_bytes: 0
2020/03/12-22:29:35.026522 7fd96f032700                  Options.bottommost_compression_opts.enabled: false
2020/03/12-22:29:35.026527 7fd96f032700            Options.compression_opts.window_bits: -14
2020/03/12-22:29:35.026531 7fd96f032700                  Options.compression_opts.level: 32767
2020/03/12-22:29:35.026535 7fd96f032700               Options.compression_opts.strategy: 0
2020/03/12-22:29:35.026540 7fd96f032700         Options.compression_opts.max_dict_bytes: 0
2020/03/12-22:29:35.026544 7fd96f032700         Options.compression_opts.zstd_max_train_bytes: 0
2020/03/12-22:29:35.026548 7fd96f032700                  Options.compression_opts.enabled: false
2020/03/12-22:29:35.026553 7fd96f032700      Options.level0_file_num_compaction_trigger: 4
2020/03/12-22:29:35.026584 7fd96f032700          Options.level0_slowdown_writes_trigger: 20
2020/03/12-22:29:35.026589 7fd96f032700              Options.level0_stop_writes_trigger: 36
2020/03/12-22:29:35.026594 7fd96f032700                   Options.target_file_size_base: 67108864
2020/03/12-22:29:35.026598 7fd96f032700             Options.target_file_size_multiplier: 1
2020/03/12-22:29:35.026614 7fd96f032700                Options.max_bytes_for_level_base: 268435456
2020/03/12-22:29:35.026616 7fd96f032700 Options.level_compaction_dynamic_level_bytes: 0
2020/03/12-22:29:35.026618 7fd96f032700          Options.max_bytes_for_level_multiplier: 10.000000
2020/03/12-22:29:35.026619 7fd96f032700 Options.max_bytes_for_level_multiplier_addtl[0]: 1
2020/03/12-22:29:35.026621 7fd96f032700 Options.max_bytes_for_level_multiplier_addtl[1]: 1
2020/03/12-22:29:35.026622 7fd96f032700 Options.max_bytes_for_level_multiplier_addtl[2]: 1
2020/03/12-22:29:35.026623 7fd96f032700 Options.max_bytes_for_level_multiplier_addtl[3]: 1
2020/03/12-22:29:35.026624 7fd96f032700 Options.max_bytes_for_level_multiplier_addtl[4]: 1
2020/03/12-22:29:35.026626 7fd96f032700 Options.max_bytes_for_level_multiplier_addtl[5]: 1
2020/03/12-22:29:35.026627 7fd96f032700 Options.max_bytes_for_level_multiplier_addtl[6]: 1
2020/03/12-22:29:35.026628 7fd96f032700       Options.max_sequential_skip_in_iterations: 8
2020/03/12-22:29:35.026629 7fd96f032700                    Options.max_compaction_bytes: 1677721600
2020/03/12-22:29:35.026631 7fd96f032700                        Options.arena_block_size: 262144
2020/03/12-22:29:35.026632 7fd96f032700   Options.soft_pending_compaction_bytes_limit: 68719476736
2020/03/12-22:29:35.026633 7fd96f032700   Options.hard_pending_compaction_bytes_limit: 274877906944
2020/03/12-22:29:35.026634 7fd96f032700       Options.rate_limit_delay_max_milliseconds: 100
2020/03/12-22:29:35.026636 7fd96f032700                Options.disable_auto_compactions: 0
2020/03/12-22:29:35.026637 7fd96f032700                        Options.compaction_style: kCompactionStyleLevel
2020/03/12-22:29:35.026639 7fd96f032700                          Options.compaction_pri: kMinOverlappingRatio
2020/03/12-22:29:35.026641 7fd96f032700 Options.compaction_options_universal.size_ratio: 1
2020/03/12-22:29:35.026642 7fd96f032700 Options.compaction_options_universal.min_merge_width: 2
2020/03/12-22:29:35.026643 7fd96f032700 Options.compaction_options_universal.max_merge_width: 4294967295
2020/03/12-22:29:35.026645 7fd96f032700 Options.compaction_options_universal.max_size_amplification_percent: 200
2020/03/12-22:29:35.026646 7fd96f032700 Options.compaction_options_universal.compression_size_percent: -1
2020/03/12-22:29:35.026647 7fd96f032700 Options.compaction_options_universal.stop_style: kCompactionStopStyleTotalSize
2020/03/12-22:29:35.026649 7fd96f032700 Options.compaction_options_fifo.max_table_files_size: 1073741824
2020/03/12-22:29:35.026650 7fd96f032700 Options.compaction_options_fifo.allow_compaction: 0
2020/03/12-22:29:35.026651 7fd96f032700                   Options.table_properties_collectors: 
2020/03/12-22:29:35.026652 7fd96f032700                   Options.inplace_update_support: 0
2020/03/12-22:29:35.026654 7fd96f032700                 Options.inplace_update_num_locks: 10000
2020/03/12-22:29:35.026655 7fd96f032700               Options.memtable_prefix_bloom_size_ratio: 0.000000
2020/03/12-22:29:35.026657 7fd96f032700               Options.memtable_whole_key_filtering: 0
2020/03/12-22:29:35.026658 7fd96f032700   Options.memtable_huge_page_size: 0
2020/03/12-22:29:35.026659 7fd96f032700                           Options.bloom_locality: 0
2020/03/12-22:29:35.026660 7fd96f032700                    Options.max_successive_merges: 0
2020/03/12-22:29:35.026662 7fd96f032700                Options.optimize_filters_for_hits: 0
2020/03/12-22:29:35.026663 7fd96f032700                Options.paranoid_file_checks: 0
2020/03/12-22:29:35.026664 7fd96f032700                Options.force_consistency_checks: 0
2020/03/12-22:29:35.026665 7fd96f032700                Options.report_bg_io_stats: 0
2020/03/12-22:29:35.026670 7fd96f032700                               Options.ttl: 2592000
2020/03/12-22:29:35.026672 7fd96f032700          Options.periodic_compaction_seconds: 0
2020/03/12-22:29:35.026710 7fd96f032700 [_impl/db_impl.cc:2307] Created column family [transaction] (ID 1)
2020/03/12-22:29:35.040347 7fd96f032700 [lumn_family.cc:550] --------------- Options for column family [milestone]:
2020/03/12-22:29:35.040368 7fd96f032700               Options.comparator: leveldb.BytewiseComparator
2020/03/12-22:29:35.040375 7fd96f032700           Options.merge_operator: StringAppendOperator
2020/03/12-22:29:35.040380 7fd96f032700        Options.compaction_filter: None
2020/03/12-22:29:35.040384 7fd96f032700        Options.compaction_filter_factory: None
2020/03/12-22:29:35.040388 7fd96f032700         Options.memtable_factory: SkipListFactory
2020/03/12-22:29:35.040394 7fd96f032700            Options.table_factory: BlockBasedTable
2020/03/12-22:29:35.040460 7fd96f032700            table_factory options:   flush_block_policy_factory: FlushBlockBySizePolicyFactory (0x7fd968b199f0)
  cache_index_and_filter_blocks: 0
  cache_index_and_filter_blocks_with_high_priority: 0
  pin_l0_filter_and_index_blocks_in_cache: 0
  pin_top_level_index_and_filter: 1
  index_type: 0
  data_block_index_type: 0
  index_shortening: 1
  data_block_hash_table_util_ratio: 0.750000
  hash_index_allow_collision: 1
  checksum: 1
  no_block_cache: 0
  block_cache: 0x7fd968aa0180
  block_cache_name: LRUCache
  block_cache_options:
    capacity : 102400000
    num_shard_bits : 2
    strict_capacity_limit : 0
    memory_allocator : None
    high_pri_pool_ratio: 0.000
  block_cache_compressed: 0x7fd968aa0460
  block_cache_name: LRUCache
  block_cache_compressed_options:
    capacity : 32768
    num_shard_bits : 10
    strict_capacity_limit : 0
    memory_allocator : None
    high_pri_pool_ratio: 0.000
  persistent_cache: (nil)
  block_size: 4096
  block_size_deviation: 10
  block_restart_interval: 16
  index_block_restart_interval: 1
  metadata_block_size: 4096
  partition_filters: 0
  use_delta_encoding: 1
  filter_policy: rocksdb.BuiltinBloomFilter
  whole_key_filtering: 1
  verify_compression: 1
  read_amp_bytes_per_bit: 0
  format_version: 2
  enable_index_compression: 1
  block_align: 0
2020/03/12-22:29:35.040467 7fd96f032700        Options.write_buffer_size: 2097152
2020/03/12-22:29:35.040471 7fd96f032700  Options.max_write_buffer_number: 2
2020/03/12-22:29:35.040476 7fd96f032700          Options.compression: Snappy
2020/03/12-22:29:35.040481 7fd96f032700                  Options.bottommost_compression: Disabled
2020/03/12-22:29:35.040486 7fd96f032700       Options.prefix_extractor: nullptr
2020/03/12-22:29:35.040490 7fd96f032700   Options.memtable_insert_with_hint_prefix_extractor: nullptr
2020/03/12-22:29:35.040495 7fd96f032700             Options.num_levels: 7
2020/03/12-22:29:35.040618 7fd96f032700        Options.min_write_buffer_number_to_merge: 1
2020/03/12-22:29:35.040626 7fd96f032700     Options.max_write_buffer_number_to_maintain: 0
2020/03/12-22:29:35.040631 7fd96f032700     Options.max_write_buffer_size_to_maintain: 0
2020/03/12-22:29:35.040636 7fd96f032700            Options.bottommost_compression_opts.window_bits: -14
2020/03/12-22:29:35.040641 7fd96f032700                  Options.bottommost_compression_opts.level: 32767
2020/03/12-22:29:35.040646 7fd96f032700               Options.bottommost_compression_opts.strategy: 0
2020/03/12-22:29:35.040651 7fd96f032700         Options.bottommost_compression_opts.max_dict_bytes: 0
2020/03/12-22:29:35.040655 7fd96f032700         Options.bottommost_compression_opts.zstd_max_train_bytes: 0
2020/03/12-22:29:35.040659 7fd96f032700                  Options.bottommost_compression_opts.enabled: false
2020/03/12-22:29:35.040664 7fd96f032700            Options.compression_opts.window_bits: -14
2020/03/12-22:29:35.040668 7fd96f032700                  Options.compression_opts.level: 32767
2020/03/12-22:29:35.040673 7fd96f032700               Options.compression_opts.strategy: 0
2020/03/12-22:29:35.040688 7fd96f032700         Options.compression_opts.max_dict_bytes: 0
2020/03/12-22:29:35.040690 7fd96f032700         Options.compression_opts.zstd_max_train_bytes: 0
2020/03/12-22:29:35.040691 7fd96f032700                  Options.compression_opts.enabled: false
2020/03/12-22:29:35.040692 7fd96f032700      Options.level0_file_num_compaction_trigger: 4
2020/03/12-22:29:35.040706 7fd96f032700          Options.level0_slowdown_writes_trigger: 20
2020/03/12-22:29:35.040707 7fd96f032700              Options.level0_stop_writes_trigger: 36
2020/03/12-22:29:35.040708 7fd96f032700                   Options.target_file_size_base: 67108864
2020/03/12-22:29:35.040710 7fd96f032700             Options.target_file_size_multiplier: 1
2020/03/12-22:29:35.040711 7fd96f032700                Options.max_bytes_for_level_base: 268435456
2020/03/12-22:29:35.040712 7fd96f032700 Options.level_compaction_dynamic_level_bytes: 0
2020/03/12-22:29:35.040715 7fd96f032700          Options.max_bytes_for_level_multiplier: 10.000000
2020/03/12-22:29:35.040717 7fd96f032700 Options.max_bytes_for_level_multiplier_addtl[0]: 1
2020/03/12-22:29:35.040718 7fd96f032700 Options.max_bytes_for_level_multiplier_addtl[1]: 1
2020/03/12-22:29:35.040719 7fd96f032700 Options.max_bytes_for_level_multiplier_addtl[2]: 1
2020/03/12-22:29:35.040721 7fd96f032700 Options.max_bytes_for_level_multiplier_addtl[3]: 1
2020/03/12-22:29:35.040722 7fd96f032700 Options.max_bytes_for_level_multiplier_addtl[4]: 1
2020/03/12-22:29:35.040724 7fd96f032700 Options.max_bytes_for_level_multiplier_addtl[5]: 1
2020/03/12-22:29:35.040725 7fd96f032700 Options.max_bytes_for_level_multiplier_addtl[6]: 1
2020/03/12-22:29:35.040726 7fd96f032700       Options.max_sequential_skip_in_iterations: 8
2020/03/12-22:29:35.040728 7fd96f032700                    Options.max_compaction_bytes: 1677721600
2020/03/12-22:29:35.040729 7fd96f032700                        Options.arena_block_size: 262144
2020/03/12-22:29:35.040731 7fd96f032700   Options.soft_pending_compaction_bytes_limit: 68719476736
2020/03/12-22:29:35.040732 7fd96f032700   Options.hard_pending_compaction_bytes_limit: 274877906944
2020/03/12-22:29:35.040733 7fd96f032700       Options.rate_limit_delay_max_milliseconds: 100
2020/03/12-22:29:35.040735 7fd96f032700                Options.disable_auto_compactions: 0
2020/03/12-22:29:35.040736 7fd96f032700                        Options.compaction_style: kCompactionStyleLevel
2020/03/12-22:29:35.040738 7fd96f032700                          Options.compaction_pri: kMinOverlappingRatio
2020/03/12-22:29:35.040739 7fd96f032700 Options.compaction_options_universal.size_ratio: 1
2020/03/12-22:29:35.040740 7fd96f032700 Options.compaction_options_universal.min_merge_width: 2
2020/03/12-22:29:35.040741 7fd96f032700 Options.compaction_options_universal.max_merge_width: 4294967295
2020/03/12-22:29:35.040743 7fd96f032700 Options.compaction_options_universal.max_size_amplification_percent: 200
2020/03/12-22:29:35.040745 7fd96f032700 Options.compaction_options_universal.compression_size_percent: -1
2020/03/12-22:29:35.040746 7fd96f032700 Options.compaction_options_universal.stop_style: kCompactionStopStyleTotalSize
2020/03/12-22:29:35.040747 7fd96f032700 Options.compaction_options_fifo.max_table_files_size: 1073741824
2020/03/12-22:29:35.040749 7fd96f032700 Options.compaction_options_fifo.allow_compaction: 0
2020/03/12-22:29:35.040750 7fd96f032700                   Options.table_properties_collectors: 
2020/03/12-22:29:35.040751 7fd96f032700                   Options.inplace_update_support: 0
2020/03/12-22:29:35.040753 7fd96f032700                 Options.inplace_update_num_locks: 10000
2020/03/12-22:29:35.040754 7fd96f032700               Options.memtable_prefix_bloom_size_ratio: 0.000000
2020/03/12-22:29:35.040756 7fd96f032700               Options.memtable_whole_key_filtering: 0
2020/03/12-22:29:35.040757 7fd96f032700   Options.memtable_huge_page_size: 0
2020/03/12-22:29:35.040758 7fd96f032700                           Options.bloom_locality: 0
2020/03/12-22:29:35.040760 7fd96f032700                    Options.max_successive_merges: 0
2020/03/12-22:29:35.040761 7fd96f032700                Options.optimize_filters_for_hits: 0
2020/03/12-22:29:35.040762 7fd96f032700                Options.paranoid_file_checks: 0
2020/03/12-22:29:35.040763 7fd96f032700                Options.force_consistency_checks: 0
2020/03/12-22:29:35.040765 7fd96f032700                Options.report_bg_io_stats: 0
2020/03/12-22:29:35.040770 7fd96f032700                               Options.ttl: 2592000
2020/03/12-22:29:35.040772 7fd96f032700          Options.periodic_compaction_seconds: 0
2020/03/12-22:29:35.040794 7fd96f032700 [_impl/db_impl.cc:2307] Created column family [milestone] (ID 2)
2020/03/12-22:29:35.054845 7fd96f032700 [lumn_family.cc:550] --------------- Options for column family [stateDiff]:
2020/03/12-22:29:35.054865 7fd96f032700               Options.comparator: leveldb.BytewiseComparator
2020/03/12-22:29:35.054873 7fd96f032700           Options.merge_operator: StringAppendOperator
2020/03/12-22:29:35.054878 7fd96f032700        Options.compaction_filter: None
2020/03/12-22:29:35.054883 7fd96f032700        Options.compaction_filter_factory: None
2020/03/12-22:29:35.054889 7fd96f032700         Options.memtable_factory: SkipListFactory
2020/03/12-22:29:35.054894 7fd96f032700            Options.table_factory: BlockBasedTable
2020/03/12-22:29:35.054964 7fd96f032700            table_factory options:   flush_block_policy_factory: FlushBlockBySizePolicyFactory (0x7fd968b199f0)
  cache_index_and_filter_blocks: 0
  cache_index_and_filter_blocks_with_high_priority: 0
  pin_l0_filter_and_index_blocks_in_cache: 0
  pin_top_level_index_and_filter: 1
  index_type: 0
  data_block_index_type: 0
  index_shortening: 1
  data_block_hash_table_util_ratio: 0.750000
  hash_index_allow_collision: 1
  checksum: 1
  no_block_cache: 0
  block_cache: 0x7fd968aa0180
  block_cache_name: LRUCache
  block_cache_options:
    capacity : 102400000
    num_shard_bits : 2
    strict_capacity_limit : 0
    memory_allocator : None
    high_pri_pool_ratio: 0.000
  block_cache_compressed: 0x7fd968aa0460
  block_cache_name: LRUCache
  block_cache_compressed_options:
    capacity : 32768
    num_shard_bits : 10
    strict_capacity_limit : 0
    memory_allocator : None
    high_pri_pool_ratio: 0.000
  persistent_cache: (nil)
  block_size: 4096
  block_size_deviation: 10
  block_restart_interval: 16
  index_block_restart_interval: 1
  metadata_block_size: 4096
  partition_filters: 0
  use_delta_encoding: 1
  filter_policy: rocksdb.BuiltinBloomFilter
  whole_key_filtering: 1
  verify_compression: 1
  read_amp_bytes_per_bit: 0
  format_version: 2
  enable_index_compression: 1
  block_align: 0
2020/03/12-22:29:35.054970 7fd96f032700        Options.write_buffer_size: 2097152
2020/03/12-22:29:35.054976 7fd96f032700  Options.max_write_buffer_number: 2
2020/03/12-22:29:35.054982 7fd96f032700          Options.compression: Snappy
2020/03/12-22:29:35.054987 7fd96f032700                  Options.bottommost_compression: Disabled
2020/03/12-22:29:35.054992 7fd96f032700       Options.prefix_extractor: nullptr
2020/03/12-22:29:35.054998 7fd96f032700   Options.memtable_insert_with_hint_prefix_extractor: nullptr
2020/03/12-22:29:35.055002 7fd96f032700             Options.num_levels: 7
2020/03/12-22:29:35.055008 7fd96f032700        Options.min_write_buffer_number_to_merge: 1
2020/03/12-22:29:35.055012 7fd96f032700     Options.max_write_buffer_number_to_maintain: 0
2020/03/12-22:29:35.055018 7fd96f032700     Options.max_write_buffer_size_to_maintain: 0
2020/03/12-22:29:35.055023 7fd96f032700            Options.bottommost_compression_opts.window_bits: -14
2020/03/12-22:29:35.055028 7fd96f032700                  Options.bottommost_compression_opts.level: 32767
2020/03/12-22:29:35.055034 7fd96f032700               Options.bottommost_compression_opts.strategy: 0
2020/03/12-22:29:35.055039 7fd96f032700         Options.bottommost_compression_opts.max_dict_bytes: 0
2020/03/12-22:29:35.055044 7fd96f032700         Options.bottommost_compression_opts.zstd_max_train_bytes: 0
2020/03/12-22:29:35.055049 7fd96f032700                  Options.bottommost_compression_opts.enabled: false
2020/03/12-22:29:35.055054 7fd96f032700            Options.compression_opts.window_bits: -14
2020/03/12-22:29:35.055059 7fd96f032700                  Options.compression_opts.level: 32767
2020/03/12-22:29:35.055064 7fd96f032700               Options.compression_opts.strategy: 0
2020/03/12-22:29:35.055068 7fd96f032700         Options.compression_opts.max_dict_bytes: 0
2020/03/12-22:29:35.055073 7fd96f032700         Options.compression_opts.zstd_max_train_bytes: 0
2020/03/12-22:29:35.055077 7fd96f032700                  Options.compression_opts.enabled: false
2020/03/12-22:29:35.055082 7fd96f032700      Options.level0_file_num_compaction_trigger: 4
2020/03/12-22:29:35.055114 7fd96f032700          Options.level0_slowdown_writes_trigger: 20
2020/03/12-22:29:35.055119 7fd96f032700              Options.level0_stop_writes_trigger: 36
2020/03/12-22:29:35.055124 7fd96f032700                   Options.target_file_size_base: 67108864
2020/03/12-22:29:35.055130 7fd96f032700             Options.target_file_size_multiplier: 1
2020/03/12-22:29:35.055135 7fd96f032700                Options.max_bytes_for_level_base: 268435456
2020/03/12-22:29:35.055141 7fd96f032700 Options.level_compaction_dynamic_level_bytes: 0
2020/03/12-22:29:35.055148 7fd96f032700          Options.max_bytes_for_level_multiplier: 10.000000
2020/03/12-22:29:35.055166 7fd96f032700 Options.max_bytes_for_level_multiplier_addtl[0]: 1
2020/03/12-22:29:35.055168 7fd96f032700 Options.max_bytes_for_level_multiplier_addtl[1]: 1
2020/03/12-22:29:35.055169 7fd96f032700 Options.max_bytes_for_level_multiplier_addtl[2]: 1
2020/03/12-22:29:35.055171 7fd96f032700 Options.max_bytes_for_level_multiplier_addtl[3]: 1
2020/03/12-22:29:35.055172 7fd96f032700 Options.max_bytes_for_level_multiplier_addtl[4]: 1
2020/03/12-22:29:35.055173 7fd96f032700 Options.max_bytes_for_level_multiplier_addtl[5]: 1
2020/03/12-22:29:35.055174 7fd96f032700 Options.max_bytes_for_level_multiplier_addtl[6]: 1
2020/03/12-22:29:35.055176 7fd96f032700       Options.max_sequential_skip_in_iterations: 8
2020/03/12-22:29:35.055177 7fd96f032700                    Options.max_compaction_bytes: 1677721600
2020/03/12-22:29:35.055178 7fd96f032700                        Options.arena_block_size: 262144
2020/03/12-22:29:35.055180 7fd96f032700   Options.soft_pending_compaction_bytes_limit: 68719476736
