2020/03/11-15:14:55.862179 7f558148d700 RocksDB version: 6.6.4
2020/03/11-15:14:55.862218 7f558148d700 Git sha rocksdb_build_git_sha:
2020/03/11-15:14:55.862221 7f558148d700 Compile date Feb 12 2020
2020/03/11-15:14:55.862224 7f558148d700 DB SUMMARY
2020/03/11-15:14:55.862246 7f558148d700 CURRENT file:  CURRENT
2020/03/11-15:14:55.862249 7f558148d700 IDENTITY file:  IDENTITY
2020/03/11-15:14:55.862254 7f558148d700 MANIFEST file:  MANIFEST-000004 size: 554 Bytes
2020/03/11-15:14:55.862258 7f558148d700 SST files in testnetdb dir, Total Num: 0, files: 
2020/03/11-15:14:55.862260 7f558148d700 Write Ahead Log file in testnetdb: 000003.log size: 97209 ; 
2020/03/11-15:14:55.862265 7f558148d700                         Options.error_if_exists: 0
2020/03/11-15:14:55.862266 7f558148d700                       Options.create_if_missing: 1
2020/03/11-15:14:55.862268 7f558148d700                         Options.paranoid_checks: 1
2020/03/11-15:14:55.862270 7f558148d700                                     Options.env: 0x7f54c89f7020
2020/03/11-15:14:55.862272 7f558148d700                                Options.info_log: 0x7f5578b0b6d0
2020/03/11-15:14:55.862273 7f558148d700                Options.max_file_opening_threads: 16
2020/03/11-15:14:55.862275 7f558148d700                              Options.statistics: (nil)
2020/03/11-15:14:55.862277 7f558148d700                               Options.use_fsync: 0
2020/03/11-15:14:55.862279 7f558148d700                       Options.max_log_file_size: 1048576
2020/03/11-15:14:55.862281 7f558148d700                  Options.max_manifest_file_size: 1048576
2020/03/11-15:14:55.862283 7f558148d700                   Options.log_file_time_to_roll: 0
2020/03/11-15:14:55.862285 7f558148d700                       Options.keep_log_file_num: 1000
2020/03/11-15:14:55.862286 7f558148d700                    Options.recycle_log_file_num: 0
2020/03/11-15:14:55.862288 7f558148d700                         Options.allow_fallocate: 1
2020/03/11-15:14:55.862290 7f558148d700                        Options.allow_mmap_reads: 0
2020/03/11-15:14:55.862292 7f558148d700                       Options.allow_mmap_writes: 0
2020/03/11-15:14:55.862293 7f558148d700                        Options.use_direct_reads: 0
2020/03/11-15:14:55.862295 7f558148d700                        Options.use_direct_io_for_flush_and_compaction: 0
2020/03/11-15:14:55.862297 7f558148d700          Options.create_missing_column_families: 1
2020/03/11-15:14:55.862299 7f558148d700                              Options.db_log_dir: 
2020/03/11-15:14:55.862300 7f558148d700                                 Options.wal_dir: testnetdb
2020/03/11-15:14:55.862302 7f558148d700                Options.table_cache_numshardbits: 6
2020/03/11-15:14:55.862304 7f558148d700                      Options.max_subcompactions: 30
2020/03/11-15:14:55.862306 7f558148d700                  Options.max_background_flushes: -1
2020/03/11-15:14:55.862307 7f558148d700                         Options.WAL_ttl_seconds: 0
2020/03/11-15:14:55.862309 7f558148d700                       Options.WAL_size_limit_MB: 0
2020/03/11-15:14:55.862311 7f558148d700                        Options.max_write_batch_group_size_bytes: 1048576
2020/03/11-15:14:55.862312 7f558148d700             Options.manifest_preallocation_size: 4194304
2020/03/11-15:14:55.862314 7f558148d700                     Options.is_fd_close_on_exec: 1
2020/03/11-15:14:55.862316 7f558148d700                   Options.advise_random_on_open: 1
2020/03/11-15:14:55.862317 7f558148d700                    Options.db_write_buffer_size: 0
2020/03/11-15:14:55.862319 7f558148d700                    Options.write_buffer_manager: 0x7f5578b0b890
2020/03/11-15:14:55.862321 7f558148d700         Options.access_hint_on_compaction_start: 1
2020/03/11-15:14:55.862322 7f558148d700  Options.new_table_reader_for_compaction_inputs: 0
2020/03/11-15:14:55.862324 7f558148d700           Options.random_access_max_buffer_size: 1048576
2020/03/11-15:14:55.862326 7f558148d700                      Options.use_adaptive_mutex: 0
2020/03/11-15:14:55.862327 7f558148d700                            Options.rate_limiter: (nil)
2020/03/11-15:14:55.862329 7f558148d700     Options.sst_file_manager.rate_bytes_per_sec: 0
2020/03/11-15:14:55.862338 7f558148d700                       Options.wal_recovery_mode: 2
2020/03/11-15:14:55.862340 7f558148d700                  Options.enable_thread_tracking: 0
2020/03/11-15:14:55.862342 7f558148d700                  Options.enable_pipelined_write: 0
2020/03/11-15:14:55.862344 7f558148d700                  Options.unordered_write: 0
2020/03/11-15:14:55.862345 7f558148d700         Options.allow_concurrent_memtable_write: 1
2020/03/11-15:14:55.862347 7f558148d700      Options.enable_write_thread_adaptive_yield: 1
2020/03/11-15:14:55.862349 7f558148d700             Options.write_thread_max_yield_usec: 100
2020/03/11-15:14:55.862351 7f558148d700            Options.write_thread_slow_yield_usec: 3
2020/03/11-15:14:55.862352 7f558148d700                               Options.row_cache: None
2020/03/11-15:14:55.862354 7f558148d700                              Options.wal_filter: None
2020/03/11-15:14:55.862356 7f558148d700             Options.avoid_flush_during_recovery: 0
2020/03/11-15:14:55.862357 7f558148d700             Options.allow_ingest_behind: 0
2020/03/11-15:14:55.862359 7f558148d700             Options.preserve_deletes: 0
2020/03/11-15:14:55.862361 7f558148d700             Options.two_write_queues: 0
2020/03/11-15:14:55.862362 7f558148d700             Options.manual_wal_flush: 0
2020/03/11-15:14:55.862364 7f558148d700             Options.atomic_flush: 0
2020/03/11-15:14:55.862366 7f558148d700             Options.avoid_unnecessary_blocking_io: 0
2020/03/11-15:14:55.862368 7f558148d700                 Options.persist_stats_to_disk: 0
2020/03/11-15:14:55.862370 7f558148d700                 Options.write_dbid_to_manifest: 0
2020/03/11-15:14:55.862371 7f558148d700                 Options.log_readahead_size: 0
2020/03/11-15:14:55.862373 7f558148d700             Options.max_background_jobs: 2
2020/03/11-15:14:55.862375 7f558148d700             Options.max_background_compactions: 1
2020/03/11-15:14:55.862376 7f558148d700             Options.avoid_flush_during_shutdown: 0
2020/03/11-15:14:55.862378 7f558148d700           Options.writable_file_max_buffer_size: 1048576
2020/03/11-15:14:55.862380 7f558148d700             Options.delayed_write_rate : 16777216
2020/03/11-15:14:55.862382 7f558148d700             Options.max_total_wal_size: 0
2020/03/11-15:14:55.862384 7f558148d700             Options.delete_obsolete_files_period_micros: 21600000000
2020/03/11-15:14:55.862385 7f558148d700                   Options.stats_dump_period_sec: 600
2020/03/11-15:14:55.862387 7f558148d700                 Options.stats_persist_period_sec: 600
2020/03/11-15:14:55.862389 7f558148d700                 Options.stats_history_buffer_size: 1048576
2020/03/11-15:14:55.862391 7f558148d700                          Options.max_open_files: 10000
2020/03/11-15:14:55.862393 7f558148d700                          Options.bytes_per_sync: 0
2020/03/11-15:14:55.862394 7f558148d700                      Options.wal_bytes_per_sync: 0
2020/03/11-15:14:55.862396 7f558148d700                   Options.strict_bytes_per_sync: 0
2020/03/11-15:14:55.862398 7f558148d700       Options.compaction_readahead_size: 0
2020/03/11-15:14:55.862400 7f558148d700 Compression algorithms supported:
2020/03/11-15:14:55.862402 7f558148d700 	kZSTDNotFinalCompression supported: 1
2020/03/11-15:14:55.862404 7f558148d700 	kZSTD supported: 1
2020/03/11-15:14:55.862406 7f558148d700 	kXpressCompression supported: 0
2020/03/11-15:14:55.862408 7f558148d700 	kLZ4HCCompression supported: 1
2020/03/11-15:14:55.862410 7f558148d700 	kLZ4Compression supported: 1
2020/03/11-15:14:55.862412 7f558148d700 	kBZip2Compression supported: 1
2020/03/11-15:14:55.862414 7f558148d700 	kZlibCompression supported: 1
2020/03/11-15:14:55.862416 7f558148d700 	kSnappyCompression supported: 1
2020/03/11-15:14:55.862419 7f558148d700 Fast CRC32 supported: Not supported on x86
2020/03/11-15:14:55.862537 7f558148d700 [rsion_set.cc:4377] Recovering from manifest file: testnetdb/MANIFEST-000004
2020/03/11-15:14:55.862585 7f558148d700 [lumn_family.cc:550] --------------- Options for column family [default]:
2020/03/11-15:14:55.862596 7f558148d700               Options.comparator: leveldb.BytewiseComparator
2020/03/11-15:14:55.862598 7f558148d700           Options.merge_operator: StringAppendOperator
2020/03/11-15:14:55.862600 7f558148d700        Options.compaction_filter: None
2020/03/11-15:14:55.862602 7f558148d700        Options.compaction_filter_factory: None
2020/03/11-15:14:55.862604 7f558148d700         Options.memtable_factory: SkipListFactory
2020/03/11-15:14:55.862606 7f558148d700            Options.table_factory: BlockBasedTable
2020/03/11-15:14:55.862644 7f558148d700            table_factory options:   flush_block_policy_factory: FlushBlockBySizePolicyFactory (0x7f5578ab6c80)
  cache_index_and_filter_blocks: 0
  cache_index_and_filter_blocks_with_high_priority: 0
  pin_l0_filter_and_index_blocks_in_cache: 0
  pin_top_level_index_and_filter: 1
  index_type: 0
  data_block_index_type: 0
  index_shortening: 1
  data_block_hash_table_util_ratio: 0.750000
  hash_index_allow_collision: 1
  checksum: 1
  no_block_cache: 0
  block_cache: 0x7f5578aa0d50
  block_cache_name: LRUCache
  block_cache_options:
    capacity : 102400000
    num_shard_bits : 2
    strict_capacity_limit : 0
    memory_allocator : None
    high_pri_pool_ratio: 0.000
  block_cache_compressed: 0x7f5578aa7cc0
  block_cache_name: LRUCache
  block_cache_compressed_options:
    capacity : 32768
    num_shard_bits : 10
    strict_capacity_limit : 0
    memory_allocator : None
    high_pri_pool_ratio: 0.000
  persistent_cache: (nil)
  block_size: 4096
  block_size_deviation: 10
  block_restart_interval: 16
  index_block_restart_interval: 1
  metadata_block_size: 4096
  partition_filters: 0
  use_delta_encoding: 1
  filter_policy: rocksdb.BuiltinBloomFilter
  whole_key_filtering: 1
  verify_compression: 1
  read_amp_bytes_per_bit: 0
  format_version: 2
  enable_index_compression: 1
  block_align: 0
2020/03/11-15:14:55.862652 7f558148d700        Options.write_buffer_size: 2097152
2020/03/11-15:14:55.862654 7f558148d700  Options.max_write_buffer_number: 2
2020/03/11-15:14:55.862656 7f558148d700          Options.compression: Snappy
2020/03/11-15:14:55.862658 7f558148d700                  Options.bottommost_compression: Disabled
2020/03/11-15:14:55.862660 7f558148d700       Options.prefix_extractor: nullptr
2020/03/11-15:14:55.862661 7f558148d700   Options.memtable_insert_with_hint_prefix_extractor: nullptr
2020/03/11-15:14:55.862663 7f558148d700             Options.num_levels: 7
2020/03/11-15:14:55.862665 7f558148d700        Options.min_write_buffer_number_to_merge: 1
2020/03/11-15:14:55.862666 7f558148d700     Options.max_write_buffer_number_to_maintain: 0
2020/03/11-15:14:55.862668 7f558148d700     Options.max_write_buffer_size_to_maintain: 0
2020/03/11-15:14:55.862670 7f558148d700            Options.bottommost_compression_opts.window_bits: -14
2020/03/11-15:14:55.862672 7f558148d700                  Options.bottommost_compression_opts.level: 32767
2020/03/11-15:14:55.862674 7f558148d700               Options.bottommost_compression_opts.strategy: 0
2020/03/11-15:14:55.862675 7f558148d700         Options.bottommost_compression_opts.max_dict_bytes: 0
2020/03/11-15:14:55.862677 7f558148d700         Options.bottommost_compression_opts.zstd_max_train_bytes: 0
2020/03/11-15:14:55.862679 7f558148d700                  Options.bottommost_compression_opts.enabled: false
2020/03/11-15:14:55.862681 7f558148d700            Options.compression_opts.window_bits: -14
2020/03/11-15:14:55.862683 7f558148d700                  Options.compression_opts.level: 32767
2020/03/11-15:14:55.862684 7f558148d700               Options.compression_opts.strategy: 0
2020/03/11-15:14:55.862686 7f558148d700         Options.compression_opts.max_dict_bytes: 0
2020/03/11-15:14:55.862688 7f558148d700         Options.compression_opts.zstd_max_train_bytes: 0
2020/03/11-15:14:55.862689 7f558148d700                  Options.compression_opts.enabled: false
2020/03/11-15:14:55.862691 7f558148d700      Options.level0_file_num_compaction_trigger: 4
2020/03/11-15:14:55.862698 7f558148d700          Options.level0_slowdown_writes_trigger: 20
2020/03/11-15:14:55.862700 7f558148d700              Options.level0_stop_writes_trigger: 36
2020/03/11-15:14:55.862702 7f558148d700                   Options.target_file_size_base: 67108864
2020/03/11-15:14:55.862703 7f558148d700             Options.target_file_size_multiplier: 1
2020/03/11-15:14:55.862705 7f558148d700                Options.max_bytes_for_level_base: 268435456
2020/03/11-15:14:55.862707 7f558148d700 Options.level_compaction_dynamic_level_bytes: 0
2020/03/11-15:14:55.862710 7f558148d700          Options.max_bytes_for_level_multiplier: 10.000000
2020/03/11-15:14:55.862712 7f558148d700 Options.max_bytes_for_level_multiplier_addtl[0]: 1
2020/03/11-15:14:55.862714 7f558148d700 Options.max_bytes_for_level_multiplier_addtl[1]: 1
2020/03/11-15:14:55.862716 7f558148d700 Options.max_bytes_for_level_multiplier_addtl[2]: 1
2020/03/11-15:14:55.862717 7f558148d700 Options.max_bytes_for_level_multiplier_addtl[3]: 1
2020/03/11-15:14:55.862719 7f558148d700 Options.max_bytes_for_level_multiplier_addtl[4]: 1
2020/03/11-15:14:55.862721 7f558148d700 Options.max_bytes_for_level_multiplier_addtl[5]: 1
2020/03/11-15:14:55.862723 7f558148d700 Options.max_bytes_for_level_multiplier_addtl[6]: 1
2020/03/11-15:14:55.862725 7f558148d700       Options.max_sequential_skip_in_iterations: 8
2020/03/11-15:14:55.862727 7f558148d700                    Options.max_compaction_bytes: 1677721600
2020/03/11-15:14:55.862728 7f558148d700                        Options.arena_block_size: 262144
2020/03/11-15:14:55.862731 7f558148d700   Options.soft_pending_compaction_bytes_limit: 68719476736
2020/03/11-15:14:55.862733 7f558148d700   Options.hard_pending_compaction_bytes_limit: 274877906944
2020/03/11-15:14:55.862734 7f558148d700       Options.rate_limit_delay_max_milliseconds: 100
2020/03/11-15:14:55.862736 7f558148d700                Options.disable_auto_compactions: 0
2020/03/11-15:14:55.862738 7f558148d700                        Options.compaction_style: kCompactionStyleLevel
2020/03/11-15:14:55.862741 7f558148d700                          Options.compaction_pri: kMinOverlappingRatio
2020/03/11-15:14:55.862743 7f558148d700 Options.compaction_options_universal.size_ratio: 1
2020/03/11-15:14:55.862745 7f558148d700 Options.compaction_options_universal.min_merge_width: 2
2020/03/11-15:14:55.862746 7f558148d700 Options.compaction_options_universal.max_merge_width: 4294967295
2020/03/11-15:14:55.862748 7f558148d700 Options.compaction_options_universal.max_size_amplification_percent: 200
2020/03/11-15:14:55.862750 7f558148d700 Options.compaction_options_universal.compression_size_percent: -1
2020/03/11-15:14:55.862752 7f558148d700 Options.compaction_options_universal.stop_style: kCompactionStopStyleTotalSize
2020/03/11-15:14:55.862754 7f558148d700 Options.compaction_options_fifo.max_table_files_size: 1073741824
2020/03/11-15:14:55.862756 7f558148d700 Options.compaction_options_fifo.allow_compaction: 0
2020/03/11-15:14:55.862758 7f558148d700                   Options.table_properties_collectors: 
2020/03/11-15:14:55.862760 7f558148d700                   Options.inplace_update_support: 0
2020/03/11-15:14:55.862761 7f558148d700                 Options.inplace_update_num_locks: 10000
2020/03/11-15:14:55.862763 7f558148d700               Options.memtable_prefix_bloom_size_ratio: 0.000000
2020/03/11-15:14:55.862765 7f558148d700               Options.memtable_whole_key_filtering: 0
2020/03/11-15:14:55.862767 7f558148d700   Options.memtable_huge_page_size: 0
2020/03/11-15:14:55.862769 7f558148d700                           Options.bloom_locality: 0
2020/03/11-15:14:55.862771 7f558148d700                    Options.max_successive_merges: 0
2020/03/11-15:14:55.862772 7f558148d700                Options.optimize_filters_for_hits: 0
2020/03/11-15:14:55.862774 7f558148d700                Options.paranoid_file_checks: 0
2020/03/11-15:14:55.862776 7f558148d700                Options.force_consistency_checks: 0
2020/03/11-15:14:55.862777 7f558148d700                Options.report_bg_io_stats: 0
2020/03/11-15:14:55.862784 7f558148d700                               Options.ttl: 2592000
2020/03/11-15:14:55.862786 7f558148d700          Options.periodic_compaction_seconds: 0
2020/03/11-15:14:55.862826 7f558148d700 [lumn_family.cc:550] --------------- Options for column family [transaction]:
2020/03/11-15:14:55.862829 7f558148d700               Options.comparator: leveldb.BytewiseComparator
2020/03/11-15:14:55.862831 7f558148d700           Options.merge_operator: StringAppendOperator
2020/03/11-15:14:55.862833 7f558148d700        Options.compaction_filter: None
2020/03/11-15:14:55.862835 7f558148d700        Options.compaction_filter_factory: None
2020/03/11-15:14:55.862837 7f558148d700         Options.memtable_factory: SkipListFactory
2020/03/11-15:14:55.862839 7f558148d700            Options.table_factory: BlockBasedTable
2020/03/11-15:14:55.862868 7f558148d700            table_factory options:   flush_block_policy_factory: FlushBlockBySizePolicyFactory (0x7f5578ab6c80)
  cache_index_and_filter_blocks: 0
  cache_index_and_filter_blocks_with_high_priority: 0
  pin_l0_filter_and_index_blocks_in_cache: 0
  pin_top_level_index_and_filter: 1
  index_type: 0
  data_block_index_type: 0
  index_shortening: 1
  data_block_hash_table_util_ratio: 0.750000
  hash_index_allow_collision: 1
  checksum: 1
  no_block_cache: 0
  block_cache: 0x7f5578aa0d50
  block_cache_name: LRUCache
  block_cache_options:
    capacity : 102400000
    num_shard_bits : 2
    strict_capacity_limit : 0
    memory_allocator : None
    high_pri_pool_ratio: 0.000
  block_cache_compressed: 0x7f5578aa7cc0
  block_cache_name: LRUCache
  block_cache_compressed_options:
    capacity : 32768
    num_shard_bits : 10
    strict_capacity_limit : 0
    memory_allocator : None
    high_pri_pool_ratio: 0.000
  persistent_cache: (nil)
  block_size: 4096
  block_size_deviation: 10
  block_restart_interval: 16
  index_block_restart_interval: 1
  metadata_block_size: 4096
  partition_filters: 0
  use_delta_encoding: 1
  filter_policy: rocksdb.BuiltinBloomFilter
  whole_key_filtering: 1
  verify_compression: 1
  read_amp_bytes_per_bit: 0
  format_version: 2
  enable_index_compression: 1
  block_align: 0
2020/03/11-15:14:55.862876 7f558148d700        Options.write_buffer_size: 2097152
2020/03/11-15:14:55.862878 7f558148d700  Options.max_write_buffer_number: 2
2020/03/11-15:14:55.862879 7f558148d700          Options.compression: Snappy
2020/03/11-15:14:55.862881 7f558148d700                  Options.bottommost_compression: Disabled
2020/03/11-15:14:55.862883 7f558148d700       Options.prefix_extractor: nullptr
2020/03/11-15:14:55.862885 7f558148d700   Options.memtable_insert_with_hint_prefix_extractor: nullptr
2020/03/11-15:14:55.862886 7f558148d700             Options.num_levels: 7
2020/03/11-15:14:55.862888 7f558148d700        Options.min_write_buffer_number_to_merge: 1
2020/03/11-15:14:55.862890 7f558148d700     Options.max_write_buffer_number_to_maintain: 0
2020/03/11-15:14:55.862891 7f558148d700     Options.max_write_buffer_size_to_maintain: 0
2020/03/11-15:14:55.862893 7f558148d700            Options.bottommost_compression_opts.window_bits: -14
2020/03/11-15:14:55.862895 7f558148d700                  Options.bottommost_compression_opts.level: 32767
2020/03/11-15:14:55.862896 7f558148d700               Options.bottommost_compression_opts.strategy: 0
2020/03/11-15:14:55.862898 7f558148d700         Options.bottommost_compression_opts.max_dict_bytes: 0
2020/03/11-15:14:55.862900 7f558148d700         Options.bottommost_compression_opts.zstd_max_train_bytes: 0
2020/03/11-15:14:55.862901 7f558148d700                  Options.bottommost_compression_opts.enabled: false
2020/03/11-15:14:55.862903 7f558148d700            Options.compression_opts.window_bits: -14
2020/03/11-15:14:55.862905 7f558148d700                  Options.compression_opts.level: 32767
2020/03/11-15:14:55.862907 7f558148d700               Options.compression_opts.strategy: 0
2020/03/11-15:14:55.862908 7f558148d700         Options.compression_opts.max_dict_bytes: 0
2020/03/11-15:14:55.862910 7f558148d700         Options.compression_opts.zstd_max_train_bytes: 0
2020/03/11-15:14:55.862917 7f558148d700                  Options.compression_opts.enabled: false
2020/03/11-15:14:55.862919 7f558148d700      Options.level0_file_num_compaction_trigger: 4
2020/03/11-15:14:55.862921 7f558148d700          Options.level0_slowdown_writes_trigger: 20
2020/03/11-15:14:55.862922 7f558148d700              Options.level0_stop_writes_trigger: 36
2020/03/11-15:14:55.862924 7f558148d700                   Options.target_file_size_base: 67108864
2020/03/11-15:14:55.862926 7f558148d700             Options.target_file_size_multiplier: 1
2020/03/11-15:14:55.862928 7f558148d700                Options.max_bytes_for_level_base: 268435456
2020/03/11-15:14:55.862929 7f558148d700 Options.level_compaction_dynamic_level_bytes: 0
2020/03/11-15:14:55.862932 7f558148d700          Options.max_bytes_for_level_multiplier: 10.000000
2020/03/11-15:14:55.862934 7f558148d700 Options.max_bytes_for_level_multiplier_addtl[0]: 1
2020/03/11-15:14:55.862935 7f558148d700 Options.max_bytes_for_level_multiplier_addtl[1]: 1
2020/03/11-15:14:55.862937 7f558148d700 Options.max_bytes_for_level_multiplier_addtl[2]: 1
2020/03/11-15:14:55.862939 7f558148d700 Options.max_bytes_for_level_multiplier_addtl[3]: 1
2020/03/11-15:14:55.862941 7f558148d700 Options.max_bytes_for_level_multiplier_addtl[4]: 1
2020/03/11-15:14:55.862942 7f558148d700 Options.max_bytes_for_level_multiplier_addtl[5]: 1
2020/03/11-15:14:55.862944 7f558148d700 Options.max_bytes_for_level_multiplier_addtl[6]: 1
2020/03/11-15:14:55.862946 7f558148d700       Options.max_sequential_skip_in_iterations: 8
2020/03/11-15:14:55.862948 7f558148d700                    Options.max_compaction_bytes: 1677721600
2020/03/11-15:14:55.862949 7f558148d700                        Options.arena_block_size: 262144
2020/03/11-15:14:55.862951 7f558148d700   Options.soft_pending_compaction_bytes_limit: 68719476736
2020/03/11-15:14:55.862953 7f558148d700   Options.hard_pending_compaction_bytes_limit: 274877906944
2020/03/11-15:14:55.862955 7f558148d700       Options.rate_limit_delay_max_milliseconds: 100
2020/03/11-15:14:55.862956 7f558148d700                Options.disable_auto_compactions: 0
2020/03/11-15:14:55.862958 7f558148d700                        Options.compaction_style: kCompactionStyleLevel
2020/03/11-15:14:55.862960 7f558148d700                          Options.compaction_pri: kMinOverlappingRatio
2020/03/11-15:14:55.862962 7f558148d700 Options.compaction_options_universal.size_ratio: 1
2020/03/11-15:14:55.862964 7f558148d700 Options.compaction_options_universal.min_merge_width: 2
2020/03/11-15:14:55.862965 7f558148d700 Options.compaction_options_universal.max_merge_width: 4294967295
2020/03/11-15:14:55.862967 7f558148d700 Options.compaction_options_universal.max_size_amplification_percent: 200
2020/03/11-15:14:55.862969 7f558148d700 Options.compaction_options_universal.compression_size_percent: -1
2020/03/11-15:14:55.862971 7f558148d700 Options.compaction_options_universal.stop_style: kCompactionStopStyleTotalSize
2020/03/11-15:14:55.862973 7f558148d700 Options.compaction_options_fifo.max_table_files_size: 1073741824
2020/03/11-15:14:55.862974 7f558148d700 Options.compaction_options_fifo.allow_compaction: 0
2020/03/11-15:14:55.862976 7f558148d700                   Options.table_properties_collectors: 
2020/03/11-15:14:55.862978 7f558148d700                   Options.inplace_update_support: 0
2020/03/11-15:14:55.862979 7f558148d700                 Options.inplace_update_num_locks: 10000
2020/03/11-15:14:55.862981 7f558148d700               Options.memtable_prefix_bloom_size_ratio: 0.000000
2020/03/11-15:14:55.862983 7f558148d700               Options.memtable_whole_key_filtering: 0
2020/03/11-15:14:55.862985 7f558148d700   Options.memtable_huge_page_size: 0
2020/03/11-15:14:55.862987 7f558148d700                           Options.bloom_locality: 0
2020/03/11-15:14:55.862988 7f558148d700                    Options.max_successive_merges: 0
2020/03/11-15:14:55.862990 7f558148d700                Options.optimize_filters_for_hits: 0
2020/03/11-15:14:55.862996 7f558148d700                Options.paranoid_file_checks: 0
2020/03/11-15:14:55.862998 7f558148d700                Options.force_consistency_checks: 0
2020/03/11-15:14:55.863000 7f558148d700                Options.report_bg_io_stats: 0
2020/03/11-15:14:55.863001 7f558148d700                               Options.ttl: 2592000
2020/03/11-15:14:55.863003 7f558148d700          Options.periodic_compaction_seconds: 0
2020/03/11-15:14:55.863022 7f558148d700 [lumn_family.cc:550] --------------- Options for column family [milestone]:
2020/03/11-15:14:55.863025 7f558148d700               Options.comparator: leveldb.BytewiseComparator
2020/03/11-15:14:55.863027 7f558148d700           Options.merge_operator: StringAppendOperator
2020/03/11-15:14:55.863029 7f558148d700        Options.compaction_filter: None
2020/03/11-15:14:55.863031 7f558148d700        Options.compaction_filter_factory: None
2020/03/11-15:14:55.863033 7f558148d700         Options.memtable_factory: SkipListFactory
2020/03/11-15:14:55.863034 7f558148d700            Options.table_factory: BlockBasedTable
2020/03/11-15:14:55.863063 7f558148d700            table_factory options:   flush_block_policy_factory: FlushBlockBySizePolicyFactory (0x7f5578ab6c80)
  cache_index_and_filter_blocks: 0
  cache_index_and_filter_blocks_with_high_priority: 0
  pin_l0_filter_and_index_blocks_in_cache: 0
  pin_top_level_index_and_filter: 1
  index_type: 0
  data_block_index_type: 0
  index_shortening: 1
  data_block_hash_table_util_ratio: 0.750000
  hash_index_allow_collision: 1
  checksum: 1
  no_block_cache: 0
  block_cache: 0x7f5578aa0d50
  block_cache_name: LRUCache
  block_cache_options:
    capacity : 102400000
    num_shard_bits : 2
    strict_capacity_limit : 0
    memory_allocator : None
    high_pri_pool_ratio: 0.000
  block_cache_compressed: 0x7f5578aa7cc0
  block_cache_name: LRUCache
  block_cache_compressed_options:
    capacity : 32768
    num_shard_bits : 10
    strict_capacity_limit : 0
    memory_allocator : None
    high_pri_pool_ratio: 0.000
  persistent_cache: (nil)
  block_size: 4096
  block_size_deviation: 10
  block_restart_interval: 16
  index_block_restart_interval: 1
  metadata_block_size: 4096
  partition_filters: 0
  use_delta_encoding: 1
  filter_policy: rocksdb.BuiltinBloomFilter
  whole_key_filtering: 1
  verify_compression: 1
  read_amp_bytes_per_bit: 0
  format_version: 2
  enable_index_compression: 1
  block_align: 0
2020/03/11-15:14:55.863071 7f558148d700        Options.write_buffer_size: 2097152
2020/03/11-15:14:55.863072 7f558148d700  Options.max_write_buffer_number: 2
2020/03/11-15:14:55.863074 7f558148d700          Options.compression: Snappy
2020/03/11-15:14:55.863076 7f558148d700                  Options.bottommost_compression: Disabled
2020/03/11-15:14:55.863078 7f558148d700       Options.prefix_extractor: nullptr
2020/03/11-15:14:55.863079 7f558148d700   Options.memtable_insert_with_hint_prefix_extractor: nullptr
2020/03/11-15:14:55.863081 7f558148d700             Options.num_levels: 7
2020/03/11-15:14:55.863083 7f558148d700        Options.min_write_buffer_number_to_merge: 1
2020/03/11-15:14:55.863084 7f558148d700     Options.max_write_buffer_number_to_maintain: 0
2020/03/11-15:14:55.863086 7f558148d700     Options.max_write_buffer_size_to_maintain: 0
2020/03/11-15:14:55.863088 7f558148d700            Options.bottommost_compression_opts.window_bits: -14
2020/03/11-15:14:55.863089 7f558148d700                  Options.bottommost_compression_opts.level: 32767
2020/03/11-15:14:55.863091 7f558148d700               Options.bottommost_compression_opts.strategy: 0
2020/03/11-15:14:55.863093 7f558148d700         Options.bottommost_compression_opts.max_dict_bytes: 0
2020/03/11-15:14:55.863094 7f558148d700         Options.bottommost_compression_opts.zstd_max_train_bytes: 0
2020/03/11-15:14:55.863096 7f558148d700                  Options.bottommost_compression_opts.enabled: false
2020/03/11-15:14:55.863098 7f558148d700            Options.compression_opts.window_bits: -14
2020/03/11-15:14:55.863100 7f558148d700                  Options.compression_opts.level: 32767
2020/03/11-15:14:55.863107 7f558148d700               Options.compression_opts.strategy: 0
2020/03/11-15:14:55.863108 7f558148d700         Options.compression_opts.max_dict_bytes: 0
2020/03/11-15:14:55.863110 7f558148d700         Options.compression_opts.zstd_max_train_bytes: 0
2020/03/11-15:14:55.863112 7f558148d700                  Options.compression_opts.enabled: false
2020/03/11-15:14:55.863114 7f558148d700      Options.level0_file_num_compaction_trigger: 4
2020/03/11-15:14:55.863115 7f558148d700          Options.level0_slowdown_writes_trigger: 20
2020/03/11-15:14:55.863117 7f558148d700              Options.level0_stop_writes_trigger: 36
2020/03/11-15:14:55.863119 7f558148d700                   Options.target_file_size_base: 67108864
2020/03/11-15:14:55.863120 7f558148d700             Options.target_file_size_multiplier: 1
2020/03/11-15:14:55.863122 7f558148d700                Options.max_bytes_for_level_base: 268435456
2020/03/11-15:14:55.863124 7f558148d700 Options.level_compaction_dynamic_level_bytes: 0
2020/03/11-15:14:55.863126 7f558148d700          Options.max_bytes_for_level_multiplier: 10.000000
2020/03/11-15:14:55.863128 7f558148d700 Options.max_bytes_for_level_multiplier_addtl[0]: 1
2020/03/11-15:14:55.863130 7f558148d700 Options.max_bytes_for_level_multiplier_addtl[1]: 1
2020/03/11-15:14:55.863131 7f558148d700 Options.max_bytes_for_level_multiplier_addtl[2]: 1
2020/03/11-15:14:55.863133 7f558148d700 Options.max_bytes_for_level_multiplier_addtl[3]: 1
2020/03/11-15:14:55.863135 7f558148d700 Options.max_bytes_for_level_multiplier_addtl[4]: 1
2020/03/11-15:14:55.863137 7f558148d700 Options.max_bytes_for_level_multiplier_addtl[5]: 1
2020/03/11-15:14:55.863138 7f558148d700 Options.max_bytes_for_level_multiplier_addtl[6]: 1
2020/03/11-15:14:55.863140 7f558148d700       Options.max_sequential_skip_in_iterations: 8
2020/03/11-15:14:55.863142 7f558148d700                    Options.max_compaction_bytes: 1677721600
2020/03/11-15:14:55.863144 7f558148d700                        Options.arena_block_size: 262144
2020/03/11-15:14:55.863145 7f558148d700   Options.soft_pending_compaction_bytes_limit: 68719476736
2020/03/11-15:14:55.863147 7f558148d700   Options.hard_pending_compaction_bytes_limit: 274877906944
2020/03/11-15:14:55.863149 7f558148d700       Options.rate_limit_delay_max_milliseconds: 100
2020/03/11-15:14:55.863150 7f558148d700                Options.disable_auto_compactions: 0
2020/03/11-15:14:55.863152 7f558148d700                        Options.compaction_style: kCompactionStyleLevel
2020/03/11-15:14:55.863154 7f558148d700                          Options.compaction_pri: kMinOverlappingRatio
2020/03/11-15:14:55.863156 7f558148d700 Options.compaction_options_universal.size_ratio: 1
2020/03/11-15:14:55.863158 7f558148d700 Options.compaction_options_universal.min_merge_width: 2
2020/03/11-15:14:55.863159 7f558148d700 Options.compaction_options_universal.max_merge_width: 4294967295
2020/03/11-15:14:55.863161 7f558148d700 Options.compaction_options_universal.max_size_amplification_percent: 200
2020/03/11-15:14:55.863163 7f558148d700 Options.compaction_options_universal.compression_size_percent: -1
2020/03/11-15:14:55.863165 7f558148d700 Options.compaction_options_universal.stop_style: kCompactionStopStyleTotalSize
2020/03/11-15:14:55.863166 7f558148d700 Options.compaction_options_fifo.max_table_files_size: 1073741824
2020/03/11-15:14:55.863168 7f558148d700 Options.compaction_options_fifo.allow_compaction: 0
2020/03/11-15:14:55.863170 7f558148d700                   Options.table_properties_collectors: 
2020/03/11-15:14:55.863172 7f558148d700                   Options.inplace_update_support: 0
2020/03/11-15:14:55.863173 7f558148d700                 Options.inplace_update_num_locks: 10000
2020/03/11-15:14:55.863175 7f558148d700               Options.memtable_prefix_bloom_size_ratio: 0.000000
2020/03/11-15:14:55.863177 7f558148d700               Options.memtable_whole_key_filtering: 0
2020/03/11-15:14:55.863179 7f558148d700   Options.memtable_huge_page_size: 0
2020/03/11-15:14:55.863185 7f558148d700                           Options.bloom_locality: 0
2020/03/11-15:14:55.863187 7f558148d700                    Options.max_successive_merges: 0
2020/03/11-15:14:55.863188 7f558148d700                Options.optimize_filters_for_hits: 0
2020/03/11-15:14:55.863190 7f558148d700                Options.paranoid_file_checks: 0
2020/03/11-15:14:55.863192 7f558148d700                Options.force_consistency_checks: 0
2020/03/11-15:14:55.863193 7f558148d700                Options.report_bg_io_stats: 0
2020/03/11-15:14:55.863195 7f558148d700                               Options.ttl: 2592000
2020/03/11-15:14:55.863197 7f558148d700          Options.periodic_compaction_seconds: 0
2020/03/11-15:14:55.863215 7f558148d700 [lumn_family.cc:550] --------------- Options for column family [stateDiff]:
2020/03/11-15:14:55.863217 7f558148d700               Options.comparator: leveldb.BytewiseComparator
2020/03/11-15:14:55.863219 7f558148d700           Options.merge_operator: StringAppendOperator
2020/03/11-15:14:55.863221 7f558148d700        Options.compaction_filter: None
2020/03/11-15:14:55.863223 7f558148d700        Options.compaction_filter_factory: None
2020/03/11-15:14:55.863225 7f558148d700         Options.memtable_factory: SkipListFactory
2020/03/11-15:14:55.863227 7f558148d700            Options.table_factory: BlockBasedTable
2020/03/11-15:14:55.863255 7f558148d700            table_factory options:   flush_block_policy_factory: FlushBlockBySizePolicyFactory (0x7f5578ab6c80)
  cache_index_and_filter_blocks: 0
  cache_index_and_filter_blocks_with_high_priority: 0
  pin_l0_filter_and_index_blocks_in_cache: 0
  pin_top_level_index_and_filter: 1
  index_type: 0
  data_block_index_type: 0
  index_shortening: 1
  data_block_hash_table_util_ratio: 0.750000
  hash_index_allow_collision: 1
  checksum: 1
  no_block_cache: 0
  block_cache: 0x7f5578aa0d50
  block_cache_name: LRUCache
  block_cache_options:
    capacity : 102400000
    num_shard_bits : 2
    strict_capacity_limit : 0
    memory_allocator : None
    high_pri_pool_ratio: 0.000
  block_cache_compressed: 0x7f5578aa7cc0
  block_cache_name: LRUCache
  block_cache_compressed_options:
    capacity : 32768
    num_shard_bits : 10
    strict_capacity_limit : 0
    memory_allocator : None
    high_pri_pool_ratio: 0.000
  persistent_cache: (nil)
  block_size: 4096
  block_size_deviation: 10
  block_restart_interval: 16
  index_block_restart_interval: 1
  metadata_block_size: 4096
  partition_filters: 0
  use_delta_encoding: 1
  filter_policy: rocksdb.BuiltinBloomFilter
  whole_key_filtering: 1
  verify_compression: 1
  read_amp_bytes_per_bit: 0
  format_version: 2
  enable_index_compression: 1
  block_align: 0
2020/03/11-15:14:55.863263 7f558148d700        Options.write_buffer_size: 2097152
2020/03/11-15:14:55.863264 7f558148d700  Options.max_write_buffer_number: 2
2020/03/11-15:14:55.863266 7f558148d700          Options.compression: Snappy
2020/03/11-15:14:55.863268 7f558148d700                  Options.bottommost_compression: Disabled
2020/03/11-15:14:55.863269 7f558148d700       Options.prefix_extractor: nullptr
2020/03/11-15:14:55.863271 7f558148d700   Options.memtable_insert_with_hint_prefix_extractor: nullptr
2020/03/11-15:14:55.863273 7f558148d700             Options.num_levels: 7
2020/03/11-15:14:55.863274 7f558148d700        Options.min_write_buffer_number_to_merge: 1
2020/03/11-15:14:55.863276 7f558148d700     Options.max_write_buffer_number_to_maintain: 0
2020/03/11-15:14:55.863278 7f558148d700     Options.max_write_buffer_size_to_maintain: 0
2020/03/11-15:14:55.863279 7f558148d700            Options.bottommost_compression_opts.window_bits: -14
2020/03/11-15:14:55.863281 7f558148d700                  Options.bottommost_compression_opts.level: 32767
2020/03/11-15:14:55.863283 7f558148d700               Options.bottommost_compression_opts.strategy: 0
2020/03/11-15:14:55.863285 7f558148d700         Options.bottommost_compression_opts.max_dict_bytes: 0
2020/03/11-15:14:55.863286 7f558148d700         Options.bottommost_compression_opts.zstd_max_train_bytes: 0
2020/03/11-15:14:55.863294 7f558148d700                  Options.bottommost_compression_opts.enabled: false
2020/03/11-15:14:55.863296 7f558148d700            Options.compression_opts.window_bits: -14
2020/03/11-15:14:55.863298 7f558148d700                  Options.compression_opts.level: 32767
2020/03/11-15:14:55.863299 7f558148d700               Options.compression_opts.strategy: 0
2020/03/11-15:14:55.863301 7f558148d700         Options.compression_opts.max_dict_bytes: 0
2020/03/11-15:14:55.863303 7f558148d700         Options.compression_opts.zstd_max_train_bytes: 0
2020/03/11-15:14:55.863305 7f558148d700                  Options.compression_opts.enabled: false
2020/03/11-15:14:55.863306 7f558148d700      Options.level0_file_num_compaction_trigger: 4
2020/03/11-15:14:55.863308 7f558148d700          Options.level0_slowdown_writes_trigger: 20
2020/03/11-15:14:55.863310 7f558148d700              Options.level0_stop_writes_trigger: 36
2020/03/11-15:14:55.863312 7f558148d700                   Options.target_file_size_base: 67108864
2020/03/11-15:14:55.863313 7f558148d700             Options.target_file_size_multiplier: 1
2020/03/11-15:14:55.863315 7f558148d700                Options.max_bytes_for_level_base: 268435456
2020/03/11-15:14:55.863317 7f558148d700 Options.level_compaction_dynamic_level_bytes: 0
2020/03/11-15:14:55.863319 7f558148d700          Options.max_bytes_for_level_multiplier: 10.000000
2020/03/11-15:14:55.863321 7f558148d700 Options.max_bytes_for_level_multiplier_addtl[0]: 1
2020/03/11-15:14:55.863323 7f558148d700 Options.max_bytes_for_level_multiplier_addtl[1]: 1
2020/03/11-15:14:55.863324 7f558148d700 Options.max_bytes_for_level_multiplier_addtl[2]: 1
2020/03/11-15:14:55.863326 7f558148d700 Options.max_bytes_for_level_multiplier_addtl[3]: 1
2020/03/11-15:14:55.863328 7f558148d700 Options.max_bytes_for_level_multiplier_addtl[4]: 1
2020/03/11-15:14:55.863330 7f558148d700 Options.max_bytes_for_level_multiplier_addtl[5]: 1
2020/03/11-15:14:55.863331 7f558148d700 Options.max_bytes_for_level_multiplier_addtl[6]: 1
2020/03/11-15:14:55.863333 7f558148d700       Options.max_sequential_skip_in_iterations: 8
2020/03/11-15:14:55.863335 7f558148d700                    Options.max_compaction_bytes: 1677721600
2020/03/11-15:14:55.863336 7f558148d700                        Options.arena_block_size: 262144
2020/03/11-15:14:55.863338 7f558148d700   Options.soft_pending_compaction_bytes_limit: 68719476736
2020/03/11-15:14:55.863340 7f558148d700   Options.hard_pending_compaction_bytes_limit: 274877906944
2020/03/11-15:14:55.863342 7f558148d700       Options.rate_limit_delay_max_milliseconds: 100
2020/03/11-15:14:55.863343 7f558148d700                Options.disable_auto_compactions: 0
2020/03/11-15:14:55.863345 7f558148d700                        Options.compaction_style: kCompactionStyleLevel
2020/03/11-15:14:55.863347 7f558148d700                          Options.compaction_pri: kMinOverlappingRatio
2020/03/11-15:14:55.863349 7f558148d700 Options.compaction_options_universal.size_ratio: 1
