2020/03/10-17:35:33.947861 7f4221e1c700 RocksDB version: 6.6.4
2020/03/10-17:35:33.947907 7f4221e1c700 Git sha rocksdb_build_git_sha:
2020/03/10-17:35:33.947910 7f4221e1c700 Compile date Feb 12 2020
2020/03/10-17:35:33.947913 7f4221e1c700 DB SUMMARY
2020/03/10-17:35:33.948219 7f4221e1c700 CURRENT file:  CURRENT
2020/03/10-17:35:33.948222 7f4221e1c700 IDENTITY file:  IDENTITY
2020/03/10-17:35:33.948239 7f4221e1c700 MANIFEST file:  MANIFEST-001943 size: 9433 Bytes
2020/03/10-17:35:33.948243 7f4221e1c700 SST files in testnetdb dir, Total Num: 138, files: 000049.sst 000077.sst 000087.sst 000097.sst 000117.sst 000144.sst 000157.sst 000171.sst 000190.sst 
2020/03/10-17:35:33.948246 7f4221e1c700 Write Ahead Log file in testnetdb: 001944.log size: 0 ; 
2020/03/10-17:35:33.948261 7f4221e1c700                         Options.error_if_exists: 0
2020/03/10-17:35:33.948263 7f4221e1c700                       Options.create_if_missing: 1
2020/03/10-17:35:33.948265 7f4221e1c700                         Options.paranoid_checks: 1
2020/03/10-17:35:33.948266 7f4221e1c700                                     Options.env: 0x7f41d91f3020
2020/03/10-17:35:33.948268 7f4221e1c700                                Options.info_log: 0x7f4218b23810
2020/03/10-17:35:33.948270 7f4221e1c700                Options.max_file_opening_threads: 16
2020/03/10-17:35:33.948272 7f4221e1c700                              Options.statistics: (nil)
2020/03/10-17:35:33.948273 7f4221e1c700                               Options.use_fsync: 0
2020/03/10-17:35:33.948275 7f4221e1c700                       Options.max_log_file_size: 1048576
2020/03/10-17:35:33.948277 7f4221e1c700                  Options.max_manifest_file_size: 1048576
2020/03/10-17:35:33.948278 7f4221e1c700                   Options.log_file_time_to_roll: 0
2020/03/10-17:35:33.948280 7f4221e1c700                       Options.keep_log_file_num: 1000
2020/03/10-17:35:33.948282 7f4221e1c700                    Options.recycle_log_file_num: 0
2020/03/10-17:35:33.948283 7f4221e1c700                         Options.allow_fallocate: 1
2020/03/10-17:35:33.948285 7f4221e1c700                        Options.allow_mmap_reads: 0
2020/03/10-17:35:33.948286 7f4221e1c700                       Options.allow_mmap_writes: 0
2020/03/10-17:35:33.948288 7f4221e1c700                        Options.use_direct_reads: 0
2020/03/10-17:35:33.948290 7f4221e1c700                        Options.use_direct_io_for_flush_and_compaction: 0
2020/03/10-17:35:33.948291 7f4221e1c700          Options.create_missing_column_families: 1
2020/03/10-17:35:33.948293 7f4221e1c700                              Options.db_log_dir: 
2020/03/10-17:35:33.948295 7f4221e1c700                                 Options.wal_dir: testnetdb
2020/03/10-17:35:33.948297 7f4221e1c700                Options.table_cache_numshardbits: 6
2020/03/10-17:35:33.948298 7f4221e1c700                      Options.max_subcompactions: 30
2020/03/10-17:35:33.948300 7f4221e1c700                  Options.max_background_flushes: -1
2020/03/10-17:35:33.948302 7f4221e1c700                         Options.WAL_ttl_seconds: 0
2020/03/10-17:35:33.948303 7f4221e1c700                       Options.WAL_size_limit_MB: 0
2020/03/10-17:35:33.948305 7f4221e1c700                        Options.max_write_batch_group_size_bytes: 1048576
2020/03/10-17:35:33.948307 7f4221e1c700             Options.manifest_preallocation_size: 4194304
2020/03/10-17:35:33.948309 7f4221e1c700                     Options.is_fd_close_on_exec: 1
2020/03/10-17:35:33.948310 7f4221e1c700                   Options.advise_random_on_open: 1
2020/03/10-17:35:33.948312 7f4221e1c700                    Options.db_write_buffer_size: 0
2020/03/10-17:35:33.948314 7f4221e1c700                    Options.write_buffer_manager: 0x7f4218b33090
2020/03/10-17:35:33.948315 7f4221e1c700         Options.access_hint_on_compaction_start: 1
2020/03/10-17:35:33.948317 7f4221e1c700  Options.new_table_reader_for_compaction_inputs: 0
2020/03/10-17:35:33.948319 7f4221e1c700           Options.random_access_max_buffer_size: 1048576
2020/03/10-17:35:33.948320 7f4221e1c700                      Options.use_adaptive_mutex: 0
2020/03/10-17:35:33.948322 7f4221e1c700                            Options.rate_limiter: (nil)
2020/03/10-17:35:33.948332 7f4221e1c700     Options.sst_file_manager.rate_bytes_per_sec: 0
2020/03/10-17:35:33.948334 7f4221e1c700                       Options.wal_recovery_mode: 2
2020/03/10-17:35:33.948336 7f4221e1c700                  Options.enable_thread_tracking: 0
2020/03/10-17:35:33.948337 7f4221e1c700                  Options.enable_pipelined_write: 0
2020/03/10-17:35:33.948339 7f4221e1c700                  Options.unordered_write: 0
2020/03/10-17:35:33.948340 7f4221e1c700         Options.allow_concurrent_memtable_write: 1
2020/03/10-17:35:33.948342 7f4221e1c700      Options.enable_write_thread_adaptive_yield: 1
2020/03/10-17:35:33.948344 7f4221e1c700             Options.write_thread_max_yield_usec: 100
2020/03/10-17:35:33.948345 7f4221e1c700            Options.write_thread_slow_yield_usec: 3
2020/03/10-17:35:33.948347 7f4221e1c700                               Options.row_cache: None
2020/03/10-17:35:33.948349 7f4221e1c700                              Options.wal_filter: None
2020/03/10-17:35:33.948350 7f4221e1c700             Options.avoid_flush_during_recovery: 0
2020/03/10-17:35:33.948352 7f4221e1c700             Options.allow_ingest_behind: 0
2020/03/10-17:35:33.948353 7f4221e1c700             Options.preserve_deletes: 0
2020/03/10-17:35:33.948355 7f4221e1c700             Options.two_write_queues: 0
2020/03/10-17:35:33.948357 7f4221e1c700             Options.manual_wal_flush: 0
2020/03/10-17:35:33.948358 7f4221e1c700             Options.atomic_flush: 0
2020/03/10-17:35:33.948360 7f4221e1c700             Options.avoid_unnecessary_blocking_io: 0
2020/03/10-17:35:33.948361 7f4221e1c700                 Options.persist_stats_to_disk: 0
2020/03/10-17:35:33.948363 7f4221e1c700                 Options.write_dbid_to_manifest: 0
2020/03/10-17:35:33.948376 7f4221e1c700                 Options.log_readahead_size: 0
2020/03/10-17:35:33.948377 7f4221e1c700             Options.max_background_jobs: 2
2020/03/10-17:35:33.948379 7f4221e1c700             Options.max_background_compactions: 1
2020/03/10-17:35:33.948380 7f4221e1c700             Options.avoid_flush_during_shutdown: 0
2020/03/10-17:35:33.948381 7f4221e1c700           Options.writable_file_max_buffer_size: 1048576
2020/03/10-17:35:33.948383 7f4221e1c700             Options.delayed_write_rate : 16777216
2020/03/10-17:35:33.948384 7f4221e1c700             Options.max_total_wal_size: 0
2020/03/10-17:35:33.948386 7f4221e1c700             Options.delete_obsolete_files_period_micros: 21600000000
2020/03/10-17:35:33.948387 7f4221e1c700                   Options.stats_dump_period_sec: 600
2020/03/10-17:35:33.948389 7f4221e1c700                 Options.stats_persist_period_sec: 600
2020/03/10-17:35:33.948390 7f4221e1c700                 Options.stats_history_buffer_size: 1048576
2020/03/10-17:35:33.948392 7f4221e1c700                          Options.max_open_files: 10000
2020/03/10-17:35:33.948393 7f4221e1c700                          Options.bytes_per_sync: 0
2020/03/10-17:35:33.948395 7f4221e1c700                      Options.wal_bytes_per_sync: 0
2020/03/10-17:35:33.948396 7f4221e1c700                   Options.strict_bytes_per_sync: 0
2020/03/10-17:35:33.948397 7f4221e1c700       Options.compaction_readahead_size: 0
2020/03/10-17:35:33.948399 7f4221e1c700 Compression algorithms supported:
2020/03/10-17:35:33.948401 7f4221e1c700 	kZSTDNotFinalCompression supported: 1
2020/03/10-17:35:33.948404 7f4221e1c700 	kZSTD supported: 1
2020/03/10-17:35:33.948406 7f4221e1c700 	kXpressCompression supported: 0
2020/03/10-17:35:33.948408 7f4221e1c700 	kLZ4HCCompression supported: 1
2020/03/10-17:35:33.948409 7f4221e1c700 	kLZ4Compression supported: 1
2020/03/10-17:35:33.948411 7f4221e1c700 	kBZip2Compression supported: 1
2020/03/10-17:35:33.948413 7f4221e1c700 	kZlibCompression supported: 1
2020/03/10-17:35:33.948414 7f4221e1c700 	kSnappyCompression supported: 1
2020/03/10-17:35:33.948417 7f4221e1c700 Fast CRC32 supported: Not supported on x86
2020/03/10-17:35:33.948565 7f4221e1c700 [rsion_set.cc:4377] Recovering from manifest file: testnetdb/MANIFEST-001943
2020/03/10-17:35:33.948628 7f4221e1c700 [lumn_family.cc:550] --------------- Options for column family [default]:
2020/03/10-17:35:33.948632 7f4221e1c700               Options.comparator: leveldb.BytewiseComparator
2020/03/10-17:35:33.948635 7f4221e1c700           Options.merge_operator: StringAppendOperator
2020/03/10-17:35:33.948637 7f4221e1c700        Options.compaction_filter: None
2020/03/10-17:35:33.948639 7f4221e1c700        Options.compaction_filter_factory: None
2020/03/10-17:35:33.948641 7f4221e1c700         Options.memtable_factory: SkipListFactory
2020/03/10-17:35:33.948643 7f4221e1c700            Options.table_factory: BlockBasedTable
2020/03/10-17:35:33.948684 7f4221e1c700            table_factory options:   flush_block_policy_factory: FlushBlockBySizePolicyFactory (0x7f4218aacb20)
  cache_index_and_filter_blocks: 0
  cache_index_and_filter_blocks_with_high_priority: 0
  pin_l0_filter_and_index_blocks_in_cache: 0
  pin_top_level_index_and_filter: 1
  index_type: 0
  data_block_index_type: 0
  index_shortening: 1
  data_block_hash_table_util_ratio: 0.750000
  hash_index_allow_collision: 1
  checksum: 1
  no_block_cache: 0
  block_cache: 0x7f4218ab9210
  block_cache_name: LRUCache
  block_cache_options:
    capacity : 102400000
    num_shard_bits : 2
    strict_capacity_limit : 0
    memory_allocator : None
    high_pri_pool_ratio: 0.000
  block_cache_compressed: 0x7f4218acd520
  block_cache_name: LRUCache
  block_cache_compressed_options:
    capacity : 32768
    num_shard_bits : 10
    strict_capacity_limit : 0
    memory_allocator : None
    high_pri_pool_ratio: 0.000
  persistent_cache: (nil)
  block_size: 4096
  block_size_deviation: 10
  block_restart_interval: 16
  index_block_restart_interval: 1
  metadata_block_size: 4096
  partition_filters: 0
  use_delta_encoding: 1
  filter_policy: rocksdb.BuiltinBloomFilter
  whole_key_filtering: 1
  verify_compression: 1
  read_amp_bytes_per_bit: 0
  format_version: 2
  enable_index_compression: 1
  block_align: 0
2020/03/10-17:35:33.948692 7f4221e1c700        Options.write_buffer_size: 2097152
2020/03/10-17:35:33.948694 7f4221e1c700  Options.max_write_buffer_number: 2
2020/03/10-17:35:33.948696 7f4221e1c700          Options.compression: Snappy
2020/03/10-17:35:33.948698 7f4221e1c700                  Options.bottommost_compression: Disabled
2020/03/10-17:35:33.948700 7f4221e1c700       Options.prefix_extractor: nullptr
2020/03/10-17:35:33.948702 7f4221e1c700   Options.memtable_insert_with_hint_prefix_extractor: nullptr
2020/03/10-17:35:33.948704 7f4221e1c700             Options.num_levels: 7
2020/03/10-17:35:33.948705 7f4221e1c700        Options.min_write_buffer_number_to_merge: 1
2020/03/10-17:35:33.948707 7f4221e1c700     Options.max_write_buffer_number_to_maintain: 0
2020/03/10-17:35:33.948709 7f4221e1c700     Options.max_write_buffer_size_to_maintain: 0
2020/03/10-17:35:33.948710 7f4221e1c700            Options.bottommost_compression_opts.window_bits: -14
2020/03/10-17:35:33.948712 7f4221e1c700                  Options.bottommost_compression_opts.level: 32767
2020/03/10-17:35:33.948714 7f4221e1c700               Options.bottommost_compression_opts.strategy: 0
2020/03/10-17:35:33.948716 7f4221e1c700         Options.bottommost_compression_opts.max_dict_bytes: 0
2020/03/10-17:35:33.948718 7f4221e1c700         Options.bottommost_compression_opts.zstd_max_train_bytes: 0
2020/03/10-17:35:33.948720 7f4221e1c700                  Options.bottommost_compression_opts.enabled: false
2020/03/10-17:35:33.948721 7f4221e1c700            Options.compression_opts.window_bits: -14
2020/03/10-17:35:33.948723 7f4221e1c700                  Options.compression_opts.level: 32767
2020/03/10-17:35:33.948725 7f4221e1c700               Options.compression_opts.strategy: 0
2020/03/10-17:35:33.948727 7f4221e1c700         Options.compression_opts.max_dict_bytes: 0
2020/03/10-17:35:33.948728 7f4221e1c700         Options.compression_opts.zstd_max_train_bytes: 0
2020/03/10-17:35:33.948730 7f4221e1c700                  Options.compression_opts.enabled: false
2020/03/10-17:35:33.948739 7f4221e1c700      Options.level0_file_num_compaction_trigger: 4
2020/03/10-17:35:33.948740 7f4221e1c700          Options.level0_slowdown_writes_trigger: 20
2020/03/10-17:35:33.948742 7f4221e1c700              Options.level0_stop_writes_trigger: 36
2020/03/10-17:35:33.948744 7f4221e1c700                   Options.target_file_size_base: 67108864
2020/03/10-17:35:33.948746 7f4221e1c700             Options.target_file_size_multiplier: 1
2020/03/10-17:35:33.948747 7f4221e1c700                Options.max_bytes_for_level_base: 268435456
2020/03/10-17:35:33.948749 7f4221e1c700 Options.level_compaction_dynamic_level_bytes: 0
2020/03/10-17:35:33.948752 7f4221e1c700          Options.max_bytes_for_level_multiplier: 10.000000
2020/03/10-17:35:33.948755 7f4221e1c700 Options.max_bytes_for_level_multiplier_addtl[0]: 1
2020/03/10-17:35:33.948756 7f4221e1c700 Options.max_bytes_for_level_multiplier_addtl[1]: 1
2020/03/10-17:35:33.948758 7f4221e1c700 Options.max_bytes_for_level_multiplier_addtl[2]: 1
2020/03/10-17:35:33.948760 7f4221e1c700 Options.max_bytes_for_level_multiplier_addtl[3]: 1
2020/03/10-17:35:33.948762 7f4221e1c700 Options.max_bytes_for_level_multiplier_addtl[4]: 1
2020/03/10-17:35:33.948763 7f4221e1c700 Options.max_bytes_for_level_multiplier_addtl[5]: 1
2020/03/10-17:35:33.948765 7f4221e1c700 Options.max_bytes_for_level_multiplier_addtl[6]: 1
2020/03/10-17:35:33.948767 7f4221e1c700       Options.max_sequential_skip_in_iterations: 8
2020/03/10-17:35:33.948769 7f4221e1c700                    Options.max_compaction_bytes: 1677721600
2020/03/10-17:35:33.948771 7f4221e1c700                        Options.arena_block_size: 262144
2020/03/10-17:35:33.948772 7f4221e1c700   Options.soft_pending_compaction_bytes_limit: 68719476736
2020/03/10-17:35:33.948774 7f4221e1c700   Options.hard_pending_compaction_bytes_limit: 274877906944
2020/03/10-17:35:33.948776 7f4221e1c700       Options.rate_limit_delay_max_milliseconds: 100
2020/03/10-17:35:33.948778 7f4221e1c700                Options.disable_auto_compactions: 0
2020/03/10-17:35:33.948780 7f4221e1c700                        Options.compaction_style: kCompactionStyleLevel
2020/03/10-17:35:33.948783 7f4221e1c700                          Options.compaction_pri: kMinOverlappingRatio
2020/03/10-17:35:33.948785 7f4221e1c700 Options.compaction_options_universal.size_ratio: 1
2020/03/10-17:35:33.948787 7f4221e1c700 Options.compaction_options_universal.min_merge_width: 2
2020/03/10-17:35:33.948789 7f4221e1c700 Options.compaction_options_universal.max_merge_width: 4294967295
2020/03/10-17:35:33.948790 7f4221e1c700 Options.compaction_options_universal.max_size_amplification_percent: 200
2020/03/10-17:35:33.948792 7f4221e1c700 Options.compaction_options_universal.compression_size_percent: -1
2020/03/10-17:35:33.948794 7f4221e1c700 Options.compaction_options_universal.stop_style: kCompactionStopStyleTotalSize
2020/03/10-17:35:33.948796 7f4221e1c700 Options.compaction_options_fifo.max_table_files_size: 1073741824
2020/03/10-17:35:33.948798 7f4221e1c700 Options.compaction_options_fifo.allow_compaction: 0
2020/03/10-17:35:33.948800 7f4221e1c700                   Options.table_properties_collectors: 
2020/03/10-17:35:33.948801 7f4221e1c700                   Options.inplace_update_support: 0
2020/03/10-17:35:33.948803 7f4221e1c700                 Options.inplace_update_num_locks: 10000
2020/03/10-17:35:33.948805 7f4221e1c700               Options.memtable_prefix_bloom_size_ratio: 0.000000
2020/03/10-17:35:33.948807 7f4221e1c700               Options.memtable_whole_key_filtering: 0
2020/03/10-17:35:33.948809 7f4221e1c700   Options.memtable_huge_page_size: 0
2020/03/10-17:35:33.948810 7f4221e1c700                           Options.bloom_locality: 0
2020/03/10-17:35:33.948812 7f4221e1c700                    Options.max_successive_merges: 0
2020/03/10-17:35:33.948814 7f4221e1c700                Options.optimize_filters_for_hits: 0
2020/03/10-17:35:33.948815 7f4221e1c700                Options.paranoid_file_checks: 0
2020/03/10-17:35:33.948817 7f4221e1c700                Options.force_consistency_checks: 0
2020/03/10-17:35:33.948825 7f4221e1c700                Options.report_bg_io_stats: 0
2020/03/10-17:35:33.948826 7f4221e1c700                               Options.ttl: 2592000
2020/03/10-17:35:33.948828 7f4221e1c700          Options.periodic_compaction_seconds: 0
2020/03/10-17:35:33.948882 7f4221e1c700 [lumn_family.cc:550] --------------- Options for column family [transaction]:
2020/03/10-17:35:33.948885 7f4221e1c700               Options.comparator: leveldb.BytewiseComparator
2020/03/10-17:35:33.948887 7f4221e1c700           Options.merge_operator: StringAppendOperator
2020/03/10-17:35:33.948889 7f4221e1c700        Options.compaction_filter: None
2020/03/10-17:35:33.948891 7f4221e1c700        Options.compaction_filter_factory: None
2020/03/10-17:35:33.948893 7f4221e1c700         Options.memtable_factory: SkipListFactory
2020/03/10-17:35:33.948895 7f4221e1c700            Options.table_factory: BlockBasedTable
2020/03/10-17:35:33.948927 7f4221e1c700            table_factory options:   flush_block_policy_factory: FlushBlockBySizePolicyFactory (0x7f4218aacb20)
  cache_index_and_filter_blocks: 0
  cache_index_and_filter_blocks_with_high_priority: 0
  pin_l0_filter_and_index_blocks_in_cache: 0
  pin_top_level_index_and_filter: 1
  index_type: 0
  data_block_index_type: 0
  index_shortening: 1
  data_block_hash_table_util_ratio: 0.750000
  hash_index_allow_collision: 1
  checksum: 1
  no_block_cache: 0
  block_cache: 0x7f4218ab9210
  block_cache_name: LRUCache
  block_cache_options:
    capacity : 102400000
    num_shard_bits : 2
    strict_capacity_limit : 0
    memory_allocator : None
    high_pri_pool_ratio: 0.000
  block_cache_compressed: 0x7f4218acd520
  block_cache_name: LRUCache
  block_cache_compressed_options:
    capacity : 32768
    num_shard_bits : 10
    strict_capacity_limit : 0
    memory_allocator : None
    high_pri_pool_ratio: 0.000
  persistent_cache: (nil)
  block_size: 4096
  block_size_deviation: 10
  block_restart_interval: 16
  index_block_restart_interval: 1
  metadata_block_size: 4096
  partition_filters: 0
  use_delta_encoding: 1
  filter_policy: rocksdb.BuiltinBloomFilter
  whole_key_filtering: 1
  verify_compression: 1
  read_amp_bytes_per_bit: 0
  format_version: 2
  enable_index_compression: 1
  block_align: 0
2020/03/10-17:35:33.948934 7f4221e1c700        Options.write_buffer_size: 2097152
2020/03/10-17:35:33.948936 7f4221e1c700  Options.max_write_buffer_number: 2
2020/03/10-17:35:33.948938 7f4221e1c700          Options.compression: Snappy
2020/03/10-17:35:33.948940 7f4221e1c700                  Options.bottommost_compression: Disabled
2020/03/10-17:35:33.948941 7f4221e1c700       Options.prefix_extractor: nullptr
2020/03/10-17:35:33.948943 7f4221e1c700   Options.memtable_insert_with_hint_prefix_extractor: nullptr
2020/03/10-17:35:33.948945 7f4221e1c700             Options.num_levels: 7
2020/03/10-17:35:33.948947 7f4221e1c700        Options.min_write_buffer_number_to_merge: 1
2020/03/10-17:35:33.948948 7f4221e1c700     Options.max_write_buffer_number_to_maintain: 0
2020/03/10-17:35:33.948950 7f4221e1c700     Options.max_write_buffer_size_to_maintain: 0
2020/03/10-17:35:33.948952 7f4221e1c700            Options.bottommost_compression_opts.window_bits: -14
2020/03/10-17:35:33.948954 7f4221e1c700                  Options.bottommost_compression_opts.level: 32767
2020/03/10-17:35:33.948955 7f4221e1c700               Options.bottommost_compression_opts.strategy: 0
2020/03/10-17:35:33.948957 7f4221e1c700         Options.bottommost_compression_opts.max_dict_bytes: 0
2020/03/10-17:35:33.948959 7f4221e1c700         Options.bottommost_compression_opts.zstd_max_train_bytes: 0
2020/03/10-17:35:33.948961 7f4221e1c700                  Options.bottommost_compression_opts.enabled: false
2020/03/10-17:35:33.948963 7f4221e1c700            Options.compression_opts.window_bits: -14
2020/03/10-17:35:33.948965 7f4221e1c700                  Options.compression_opts.level: 32767
2020/03/10-17:35:33.948966 7f4221e1c700               Options.compression_opts.strategy: 0
2020/03/10-17:35:33.948975 7f4221e1c700         Options.compression_opts.max_dict_bytes: 0
2020/03/10-17:35:33.948976 7f4221e1c700         Options.compression_opts.zstd_max_train_bytes: 0
2020/03/10-17:35:33.948978 7f4221e1c700                  Options.compression_opts.enabled: false
2020/03/10-17:35:33.948980 7f4221e1c700      Options.level0_file_num_compaction_trigger: 4
2020/03/10-17:35:33.948982 7f4221e1c700          Options.level0_slowdown_writes_trigger: 20
2020/03/10-17:35:33.948984 7f4221e1c700              Options.level0_stop_writes_trigger: 36
2020/03/10-17:35:33.948985 7f4221e1c700                   Options.target_file_size_base: 67108864
2020/03/10-17:35:33.948987 7f4221e1c700             Options.target_file_size_multiplier: 1
2020/03/10-17:35:33.948989 7f4221e1c700                Options.max_bytes_for_level_base: 268435456
2020/03/10-17:35:33.948991 7f4221e1c700 Options.level_compaction_dynamic_level_bytes: 0
2020/03/10-17:35:33.948993 7f4221e1c700          Options.max_bytes_for_level_multiplier: 10.000000
2020/03/10-17:35:33.948995 7f4221e1c700 Options.max_bytes_for_level_multiplier_addtl[0]: 1
2020/03/10-17:35:33.948997 7f4221e1c700 Options.max_bytes_for_level_multiplier_addtl[1]: 1
2020/03/10-17:35:33.948999 7f4221e1c700 Options.max_bytes_for_level_multiplier_addtl[2]: 1
2020/03/10-17:35:33.949000 7f4221e1c700 Options.max_bytes_for_level_multiplier_addtl[3]: 1
2020/03/10-17:35:33.949002 7f4221e1c700 Options.max_bytes_for_level_multiplier_addtl[4]: 1
2020/03/10-17:35:33.949004 7f4221e1c700 Options.max_bytes_for_level_multiplier_addtl[5]: 1
2020/03/10-17:35:33.949006 7f4221e1c700 Options.max_bytes_for_level_multiplier_addtl[6]: 1
2020/03/10-17:35:33.949007 7f4221e1c700       Options.max_sequential_skip_in_iterations: 8
2020/03/10-17:35:33.949009 7f4221e1c700                    Options.max_compaction_bytes: 1677721600
2020/03/10-17:35:33.949011 7f4221e1c700                        Options.arena_block_size: 262144
2020/03/10-17:35:33.949012 7f4221e1c700   Options.soft_pending_compaction_bytes_limit: 68719476736
2020/03/10-17:35:33.949014 7f4221e1c700   Options.hard_pending_compaction_bytes_limit: 274877906944
2020/03/10-17:35:33.949016 7f4221e1c700       Options.rate_limit_delay_max_milliseconds: 100
2020/03/10-17:35:33.949018 7f4221e1c700                Options.disable_auto_compactions: 0
2020/03/10-17:35:33.949020 7f4221e1c700                        Options.compaction_style: kCompactionStyleLevel
2020/03/10-17:35:33.949021 7f4221e1c700                          Options.compaction_pri: kMinOverlappingRatio
2020/03/10-17:35:33.949023 7f4221e1c700 Options.compaction_options_universal.size_ratio: 1
2020/03/10-17:35:33.949025 7f4221e1c700 Options.compaction_options_universal.min_merge_width: 2
2020/03/10-17:35:33.949027 7f4221e1c700 Options.compaction_options_universal.max_merge_width: 4294967295
2020/03/10-17:35:33.949028 7f4221e1c700 Options.compaction_options_universal.max_size_amplification_percent: 200
2020/03/10-17:35:33.949030 7f4221e1c700 Options.compaction_options_universal.compression_size_percent: -1
2020/03/10-17:35:33.949032 7f4221e1c700 Options.compaction_options_universal.stop_style: kCompactionStopStyleTotalSize
2020/03/10-17:35:33.949034 7f4221e1c700 Options.compaction_options_fifo.max_table_files_size: 1073741824
2020/03/10-17:35:33.949036 7f4221e1c700 Options.compaction_options_fifo.allow_compaction: 0
2020/03/10-17:35:33.949038 7f4221e1c700                   Options.table_properties_collectors: 
2020/03/10-17:35:33.949040 7f4221e1c700                   Options.inplace_update_support: 0
2020/03/10-17:35:33.949042 7f4221e1c700                 Options.inplace_update_num_locks: 10000
2020/03/10-17:35:33.949044 7f4221e1c700               Options.memtable_prefix_bloom_size_ratio: 0.000000
2020/03/10-17:35:33.949046 7f4221e1c700               Options.memtable_whole_key_filtering: 0
2020/03/10-17:35:33.949047 7f4221e1c700   Options.memtable_huge_page_size: 0
2020/03/10-17:35:33.949049 7f4221e1c700                           Options.bloom_locality: 0
2020/03/10-17:35:33.949051 7f4221e1c700                    Options.max_successive_merges: 0
2020/03/10-17:35:33.949058 7f4221e1c700                Options.optimize_filters_for_hits: 0
2020/03/10-17:35:33.949060 7f4221e1c700                Options.paranoid_file_checks: 0
2020/03/10-17:35:33.949062 7f4221e1c700                Options.force_consistency_checks: 0
2020/03/10-17:35:33.949064 7f4221e1c700                Options.report_bg_io_stats: 0
2020/03/10-17:35:33.949065 7f4221e1c700                               Options.ttl: 2592000
2020/03/10-17:35:33.949067 7f4221e1c700          Options.periodic_compaction_seconds: 0
2020/03/10-17:35:33.949094 7f4221e1c700 [lumn_family.cc:550] --------------- Options for column family [milestone]:
2020/03/10-17:35:33.949097 7f4221e1c700               Options.comparator: leveldb.BytewiseComparator
2020/03/10-17:35:33.949099 7f4221e1c700           Options.merge_operator: StringAppendOperator
2020/03/10-17:35:33.949101 7f4221e1c700        Options.compaction_filter: None
2020/03/10-17:35:33.949103 7f4221e1c700        Options.compaction_filter_factory: None
2020/03/10-17:35:33.949105 7f4221e1c700         Options.memtable_factory: SkipListFactory
2020/03/10-17:35:33.949107 7f4221e1c700            Options.table_factory: BlockBasedTable
2020/03/10-17:35:33.949136 7f4221e1c700            table_factory options:   flush_block_policy_factory: FlushBlockBySizePolicyFactory (0x7f4218aacb20)
  cache_index_and_filter_blocks: 0
  cache_index_and_filter_blocks_with_high_priority: 0
  pin_l0_filter_and_index_blocks_in_cache: 0
  pin_top_level_index_and_filter: 1
  index_type: 0
  data_block_index_type: 0
  index_shortening: 1
  data_block_hash_table_util_ratio: 0.750000
  hash_index_allow_collision: 1
  checksum: 1
  no_block_cache: 0
  block_cache: 0x7f4218ab9210
  block_cache_name: LRUCache
  block_cache_options:
    capacity : 102400000
    num_shard_bits : 2
    strict_capacity_limit : 0
    memory_allocator : None
    high_pri_pool_ratio: 0.000
  block_cache_compressed: 0x7f4218acd520
  block_cache_name: LRUCache
  block_cache_compressed_options:
    capacity : 32768
    num_shard_bits : 10
    strict_capacity_limit : 0
    memory_allocator : None
    high_pri_pool_ratio: 0.000
  persistent_cache: (nil)
  block_size: 4096
  block_size_deviation: 10
  block_restart_interval: 16
  index_block_restart_interval: 1
  metadata_block_size: 4096
  partition_filters: 0
  use_delta_encoding: 1
  filter_policy: rocksdb.BuiltinBloomFilter
  whole_key_filtering: 1
  verify_compression: 1
  read_amp_bytes_per_bit: 0
  format_version: 2
  enable_index_compression: 1
  block_align: 0
2020/03/10-17:35:33.949144 7f4221e1c700        Options.write_buffer_size: 2097152
2020/03/10-17:35:33.949145 7f4221e1c700  Options.max_write_buffer_number: 2
2020/03/10-17:35:33.949147 7f4221e1c700          Options.compression: Snappy
2020/03/10-17:35:33.949149 7f4221e1c700                  Options.bottommost_compression: Disabled
2020/03/10-17:35:33.949150 7f4221e1c700       Options.prefix_extractor: nullptr
2020/03/10-17:35:33.949152 7f4221e1c700   Options.memtable_insert_with_hint_prefix_extractor: nullptr
2020/03/10-17:35:33.949154 7f4221e1c700             Options.num_levels: 7
2020/03/10-17:35:33.949155 7f4221e1c700        Options.min_write_buffer_number_to_merge: 1
2020/03/10-17:35:33.949157 7f4221e1c700     Options.max_write_buffer_number_to_maintain: 0
2020/03/10-17:35:33.949159 7f4221e1c700     Options.max_write_buffer_size_to_maintain: 0
2020/03/10-17:35:33.949160 7f4221e1c700            Options.bottommost_compression_opts.window_bits: -14
2020/03/10-17:35:33.949162 7f4221e1c700                  Options.bottommost_compression_opts.level: 32767
2020/03/10-17:35:33.949164 7f4221e1c700               Options.bottommost_compression_opts.strategy: 0
2020/03/10-17:35:33.949165 7f4221e1c700         Options.bottommost_compression_opts.max_dict_bytes: 0
2020/03/10-17:35:33.949167 7f4221e1c700         Options.bottommost_compression_opts.zstd_max_train_bytes: 0
2020/03/10-17:35:33.949169 7f4221e1c700                  Options.bottommost_compression_opts.enabled: false
2020/03/10-17:35:33.949170 7f4221e1c700            Options.compression_opts.window_bits: -14
2020/03/10-17:35:33.949178 7f4221e1c700                  Options.compression_opts.level: 32767
2020/03/10-17:35:33.949180 7f4221e1c700               Options.compression_opts.strategy: 0
2020/03/10-17:35:33.949181 7f4221e1c700         Options.compression_opts.max_dict_bytes: 0
2020/03/10-17:35:33.949183 7f4221e1c700         Options.compression_opts.zstd_max_train_bytes: 0
2020/03/10-17:35:33.949185 7f4221e1c700                  Options.compression_opts.enabled: false
2020/03/10-17:35:33.949186 7f4221e1c700      Options.level0_file_num_compaction_trigger: 4
2020/03/10-17:35:33.949188 7f4221e1c700          Options.level0_slowdown_writes_trigger: 20
2020/03/10-17:35:33.949189 7f4221e1c700              Options.level0_stop_writes_trigger: 36
2020/03/10-17:35:33.949191 7f4221e1c700                   Options.target_file_size_base: 67108864
2020/03/10-17:35:33.949193 7f4221e1c700             Options.target_file_size_multiplier: 1
2020/03/10-17:35:33.949194 7f4221e1c700                Options.max_bytes_for_level_base: 268435456
2020/03/10-17:35:33.949196 7f4221e1c700 Options.level_compaction_dynamic_level_bytes: 0
2020/03/10-17:35:33.949198 7f4221e1c700          Options.max_bytes_for_level_multiplier: 10.000000
2020/03/10-17:35:33.949200 7f4221e1c700 Options.max_bytes_for_level_multiplier_addtl[0]: 1
2020/03/10-17:35:33.949202 7f4221e1c700 Options.max_bytes_for_level_multiplier_addtl[1]: 1
2020/03/10-17:35:33.949204 7f4221e1c700 Options.max_bytes_for_level_multiplier_addtl[2]: 1
2020/03/10-17:35:33.949206 7f4221e1c700 Options.max_bytes_for_level_multiplier_addtl[3]: 1
2020/03/10-17:35:33.949207 7f4221e1c700 Options.max_bytes_for_level_multiplier_addtl[4]: 1
2020/03/10-17:35:33.949209 7f4221e1c700 Options.max_bytes_for_level_multiplier_addtl[5]: 1
2020/03/10-17:35:33.949211 7f4221e1c700 Options.max_bytes_for_level_multiplier_addtl[6]: 1
2020/03/10-17:35:33.949212 7f4221e1c700       Options.max_sequential_skip_in_iterations: 8
2020/03/10-17:35:33.949214 7f4221e1c700                    Options.max_compaction_bytes: 1677721600
2020/03/10-17:35:33.949216 7f4221e1c700                        Options.arena_block_size: 262144
2020/03/10-17:35:33.949218 7f4221e1c700   Options.soft_pending_compaction_bytes_limit: 68719476736
2020/03/10-17:35:33.949220 7f4221e1c700   Options.hard_pending_compaction_bytes_limit: 274877906944
2020/03/10-17:35:33.949221 7f4221e1c700       Options.rate_limit_delay_max_milliseconds: 100
2020/03/10-17:35:33.949223 7f4221e1c700                Options.disable_auto_compactions: 0
2020/03/10-17:35:33.949225 7f4221e1c700                        Options.compaction_style: kCompactionStyleLevel
2020/03/10-17:35:33.949227 7f4221e1c700                          Options.compaction_pri: kMinOverlappingRatio
2020/03/10-17:35:33.949228 7f4221e1c700 Options.compaction_options_universal.size_ratio: 1
2020/03/10-17:35:33.949230 7f4221e1c700 Options.compaction_options_universal.min_merge_width: 2
2020/03/10-17:35:33.949232 7f4221e1c700 Options.compaction_options_universal.max_merge_width: 4294967295
2020/03/10-17:35:33.949233 7f4221e1c700 Options.compaction_options_universal.max_size_amplification_percent: 200
2020/03/10-17:35:33.949235 7f4221e1c700 Options.compaction_options_universal.compression_size_percent: -1
2020/03/10-17:35:33.949237 7f4221e1c700 Options.compaction_options_universal.stop_style: kCompactionStopStyleTotalSize
2020/03/10-17:35:33.949239 7f4221e1c700 Options.compaction_options_fifo.max_table_files_size: 1073741824
2020/03/10-17:35:33.949240 7f4221e1c700 Options.compaction_options_fifo.allow_compaction: 0
2020/03/10-17:35:33.949242 7f4221e1c700                   Options.table_properties_collectors: 
2020/03/10-17:35:33.949244 7f4221e1c700                   Options.inplace_update_support: 0
2020/03/10-17:35:33.949245 7f4221e1c700                 Options.inplace_update_num_locks: 10000
2020/03/10-17:35:33.949247 7f4221e1c700               Options.memtable_prefix_bloom_size_ratio: 0.000000
2020/03/10-17:35:33.949249 7f4221e1c700               Options.memtable_whole_key_filtering: 0
2020/03/10-17:35:33.949256 7f4221e1c700   Options.memtable_huge_page_size: 0
2020/03/10-17:35:33.949258 7f4221e1c700                           Options.bloom_locality: 0
2020/03/10-17:35:33.949260 7f4221e1c700                    Options.max_successive_merges: 0
2020/03/10-17:35:33.949262 7f4221e1c700                Options.optimize_filters_for_hits: 0
2020/03/10-17:35:33.949263 7f4221e1c700                Options.paranoid_file_checks: 0
2020/03/10-17:35:33.949265 7f4221e1c700                Options.force_consistency_checks: 0
2020/03/10-17:35:33.949267 7f4221e1c700                Options.report_bg_io_stats: 0
2020/03/10-17:35:33.949268 7f4221e1c700                               Options.ttl: 2592000
2020/03/10-17:35:33.949270 7f4221e1c700          Options.periodic_compaction_seconds: 0
2020/03/10-17:35:33.949381 7f4221e1c700 [lumn_family.cc:550] --------------- Options for column family [stateDiff]:
2020/03/10-17:35:33.949384 7f4221e1c700               Options.comparator: leveldb.BytewiseComparator
2020/03/10-17:35:33.949386 7f4221e1c700           Options.merge_operator: StringAppendOperator
2020/03/10-17:35:33.949388 7f4221e1c700        Options.compaction_filter: None
2020/03/10-17:35:33.949390 7f4221e1c700        Options.compaction_filter_factory: None
2020/03/10-17:35:33.949391 7f4221e1c700         Options.memtable_factory: SkipListFactory
2020/03/10-17:35:33.949393 7f4221e1c700            Options.table_factory: BlockBasedTable
2020/03/10-17:35:33.949422 7f4221e1c700            table_factory options:   flush_block_policy_factory: FlushBlockBySizePolicyFactory (0x7f4218aacb20)
  cache_index_and_filter_blocks: 0
  cache_index_and_filter_blocks_with_high_priority: 0
  pin_l0_filter_and_index_blocks_in_cache: 0
  pin_top_level_index_and_filter: 1
  index_type: 0
  data_block_index_type: 0
  index_shortening: 1
  data_block_hash_table_util_ratio: 0.750000
  hash_index_allow_collision: 1
  checksum: 1
  no_block_cache: 0
  block_cache: 0x7f4218ab9210
  block_cache_name: LRUCache
  block_cache_options:
    capacity : 102400000
    num_shard_bits : 2
    strict_capacity_limit : 0
    memory_allocator : None
    high_pri_pool_ratio: 0.000
  block_cache_compressed: 0x7f4218acd520
  block_cache_name: LRUCache
  block_cache_compressed_options:
    capacity : 32768
    num_shard_bits : 10
    strict_capacity_limit : 0
    memory_allocator : None
    high_pri_pool_ratio: 0.000
  persistent_cache: (nil)
  block_size: 4096
  block_size_deviation: 10
  block_restart_interval: 16
  index_block_restart_interval: 1
  metadata_block_size: 4096
  partition_filters: 0
  use_delta_encoding: 1
  filter_policy: rocksdb.BuiltinBloomFilter
  whole_key_filtering: 1
  verify_compression: 1
  read_amp_bytes_per_bit: 0
  format_version: 2
  enable_index_compression: 1
  block_align: 0
2020/03/10-17:35:33.949429 7f4221e1c700        Options.write_buffer_size: 2097152
2020/03/10-17:35:33.949431 7f4221e1c700  Options.max_write_buffer_number: 2
2020/03/10-17:35:33.949433 7f4221e1c700          Options.compression: Snappy
2020/03/10-17:35:33.949434 7f4221e1c700                  Options.bottommost_compression: Disabled
2020/03/10-17:35:33.949436 7f4221e1c700       Options.prefix_extractor: nullptr
2020/03/10-17:35:33.949438 7f4221e1c700   Options.memtable_insert_with_hint_prefix_extractor: nullptr
2020/03/10-17:35:33.949440 7f4221e1c700             Options.num_levels: 7
2020/03/10-17:35:33.949441 7f4221e1c700        Options.min_write_buffer_number_to_merge: 1
2020/03/10-17:35:33.949443 7f4221e1c700     Options.max_write_buffer_number_to_maintain: 0
2020/03/10-17:35:33.949445 7f4221e1c700     Options.max_write_buffer_size_to_maintain: 0
2020/03/10-17:35:33.949446 7f4221e1c700            Options.bottommost_compression_opts.window_bits: -14
2020/03/10-17:35:33.949448 7f4221e1c700                  Options.bottommost_compression_opts.level: 32767
2020/03/10-17:35:33.949450 7f4221e1c700               Options.bottommost_compression_opts.strategy: 0
2020/03/10-17:35:33.949451 7f4221e1c700         Options.bottommost_compression_opts.max_dict_bytes: 0
2020/03/10-17:35:33.949463 7f4221e1c700         Options.bottommost_compression_opts.zstd_max_train_bytes: 0
2020/03/10-17:35:33.949465 7f4221e1c700                  Options.bottommost_compression_opts.enabled: false
2020/03/10-17:35:33.949467 7f4221e1c700            Options.compression_opts.window_bits: -14
2020/03/10-17:35:33.949468 7f4221e1c700                  Options.compression_opts.level: 32767
2020/03/10-17:35:33.949470 7f4221e1c700               Options.compression_opts.strategy: 0
2020/03/10-17:35:33.949471 7f4221e1c700         Options.compression_opts.max_dict_bytes: 0
2020/03/10-17:35:33.949473 7f4221e1c700         Options.compression_opts.zstd_max_train_bytes: 0
2020/03/10-17:35:33.949475 7f4221e1c700                  Options.compression_opts.enabled: false
2020/03/10-17:35:33.949476 7f4221e1c700      Options.level0_file_num_compaction_trigger: 4
2020/03/10-17:35:33.949478 7f4221e1c700          Options.level0_slowdown_writes_trigger: 20
2020/03/10-17:35:33.949480 7f4221e1c700              Options.level0_stop_writes_trigger: 36
2020/03/10-17:35:33.949481 7f4221e1c700                   Options.target_file_size_base: 67108864
2020/03/10-17:35:33.949483 7f4221e1c700             Options.target_file_size_multiplier: 1
2020/03/10-17:35:33.949485 7f4221e1c700                Options.max_bytes_for_level_base: 268435456
2020/03/10-17:35:33.949486 7f4221e1c700 Options.level_compaction_dynamic_level_bytes: 0
2020/03/10-17:35:33.949488 7f4221e1c700          Options.max_bytes_for_level_multiplier: 10.000000
2020/03/10-17:35:33.949490 7f4221e1c700 Options.max_bytes_for_level_multiplier_addtl[0]: 1
2020/03/10-17:35:33.949492 7f4221e1c700 Options.max_bytes_for_level_multiplier_addtl[1]: 1
2020/03/10-17:35:33.949494 7f4221e1c700 Options.max_bytes_for_level_multiplier_addtl[2]: 1
2020/03/10-17:35:33.949496 7f4221e1c700 Options.max_bytes_for_level_multiplier_addtl[3]: 1
2020/03/10-17:35:33.949497 7f4221e1c700 Options.max_bytes_for_level_multiplier_addtl[4]: 1
2020/03/10-17:35:33.949499 7f4221e1c700 Options.max_bytes_for_level_multiplier_addtl[5]: 1
2020/03/10-17:35:33.949501 7f4221e1c700 Options.max_bytes_for_level_multiplier_addtl[6]: 1
2020/03/10-17:35:33.949503 7f4221e1c700       Options.max_sequential_skip_in_iterations: 8
2020/03/10-17:35:33.949504 7f4221e1c700                    Options.max_compaction_bytes: 1677721600
2020/03/10-17:35:33.949506 7f4221e1c700                        Options.arena_block_size: 262144
2020/03/10-17:35:33.949508 7f4221e1c700   Options.soft_pending_compaction_bytes_limit: 68719476736
2020/03/10-17:35:33.949509 7f4221e1c700   Options.hard_pending_compaction_bytes_limit: 274877906944
2020/03/10-17:35:33.949511 7f4221e1c700       Options.rate_limit_delay_max_milliseconds: 100
2020/03/10-17:35:33.949513 7f4221e1c700                Options.disable_auto_compactions: 0
2020/03/10-17:35:33.949515 7f4221e1c700                        Options.compaction_style: kCompactionStyleLevel
