2020/03/08-20:16:54.048812 7fd0c5dcf700 RocksDB version: 6.6.4
2020/03/08-20:16:54.048851 7fd0c5dcf700 Git sha rocksdb_build_git_sha:
2020/03/08-20:16:54.048854 7fd0c5dcf700 Compile date Feb 12 2020
2020/03/08-20:16:54.048857 7fd0c5dcf700 DB SUMMARY
2020/03/08-20:16:54.049019 7fd0c5dcf700 CURRENT file:  CURRENT
2020/03/08-20:16:54.049021 7fd0c5dcf700 IDENTITY file:  IDENTITY
2020/03/08-20:16:54.049033 7fd0c5dcf700 MANIFEST file:  MANIFEST-000878 size: 5129 Bytes
2020/03/08-20:16:54.049037 7fd0c5dcf700 SST files in testnetdb dir, Total Num: 63, files: 000049.sst 000077.sst 000087.sst 000097.sst 000117.sst 000144.sst 000157.sst 000171.sst 000190.sst 
2020/03/08-20:16:54.049040 7fd0c5dcf700 Write Ahead Log file in testnetdb: 000879.log size: 101825 ; 
2020/03/08-20:16:54.049049 7fd0c5dcf700                         Options.error_if_exists: 0
2020/03/08-20:16:54.049051 7fd0c5dcf700                       Options.create_if_missing: 1
2020/03/08-20:16:54.049053 7fd0c5dcf700                         Options.paranoid_checks: 1
2020/03/08-20:16:54.049055 7fd0c5dcf700                                     Options.env: 0x7fd0851f3020
2020/03/08-20:16:54.049056 7fd0c5dcf700                                Options.info_log: 0x7fd0bcb58ea0
2020/03/08-20:16:54.049058 7fd0c5dcf700                Options.max_file_opening_threads: 16
2020/03/08-20:16:54.049060 7fd0c5dcf700                              Options.statistics: (nil)
2020/03/08-20:16:54.049061 7fd0c5dcf700                               Options.use_fsync: 0
2020/03/08-20:16:54.049063 7fd0c5dcf700                       Options.max_log_file_size: 1048576
2020/03/08-20:16:54.049065 7fd0c5dcf700                  Options.max_manifest_file_size: 1048576
2020/03/08-20:16:54.049067 7fd0c5dcf700                   Options.log_file_time_to_roll: 0
2020/03/08-20:16:54.049068 7fd0c5dcf700                       Options.keep_log_file_num: 1000
2020/03/08-20:16:54.049070 7fd0c5dcf700                    Options.recycle_log_file_num: 0
2020/03/08-20:16:54.049072 7fd0c5dcf700                         Options.allow_fallocate: 1
2020/03/08-20:16:54.049073 7fd0c5dcf700                        Options.allow_mmap_reads: 0
2020/03/08-20:16:54.049075 7fd0c5dcf700                       Options.allow_mmap_writes: 0
2020/03/08-20:16:54.049076 7fd0c5dcf700                        Options.use_direct_reads: 0
2020/03/08-20:16:54.049078 7fd0c5dcf700                        Options.use_direct_io_for_flush_and_compaction: 0
2020/03/08-20:16:54.049080 7fd0c5dcf700          Options.create_missing_column_families: 1
2020/03/08-20:16:54.049082 7fd0c5dcf700                              Options.db_log_dir: 
2020/03/08-20:16:54.049084 7fd0c5dcf700                                 Options.wal_dir: testnetdb
2020/03/08-20:16:54.049085 7fd0c5dcf700                Options.table_cache_numshardbits: 6
2020/03/08-20:16:54.049087 7fd0c5dcf700                      Options.max_subcompactions: 30
2020/03/08-20:16:54.049089 7fd0c5dcf700                  Options.max_background_flushes: -1
2020/03/08-20:16:54.049090 7fd0c5dcf700                         Options.WAL_ttl_seconds: 0
2020/03/08-20:16:54.049092 7fd0c5dcf700                       Options.WAL_size_limit_MB: 0
2020/03/08-20:16:54.049094 7fd0c5dcf700                        Options.max_write_batch_group_size_bytes: 1048576
2020/03/08-20:16:54.049096 7fd0c5dcf700             Options.manifest_preallocation_size: 4194304
2020/03/08-20:16:54.049097 7fd0c5dcf700                     Options.is_fd_close_on_exec: 1
2020/03/08-20:16:54.049099 7fd0c5dcf700                   Options.advise_random_on_open: 1
2020/03/08-20:16:54.049100 7fd0c5dcf700                    Options.db_write_buffer_size: 0
2020/03/08-20:16:54.049102 7fd0c5dcf700                    Options.write_buffer_manager: 0x7fd0bcaef650
2020/03/08-20:16:54.049104 7fd0c5dcf700         Options.access_hint_on_compaction_start: 1
2020/03/08-20:16:54.049105 7fd0c5dcf700  Options.new_table_reader_for_compaction_inputs: 0
2020/03/08-20:16:54.049107 7fd0c5dcf700           Options.random_access_max_buffer_size: 1048576
2020/03/08-20:16:54.049109 7fd0c5dcf700                      Options.use_adaptive_mutex: 0
2020/03/08-20:16:54.049110 7fd0c5dcf700                            Options.rate_limiter: (nil)
2020/03/08-20:16:54.049120 7fd0c5dcf700     Options.sst_file_manager.rate_bytes_per_sec: 0
2020/03/08-20:16:54.049122 7fd0c5dcf700                       Options.wal_recovery_mode: 2
2020/03/08-20:16:54.049123 7fd0c5dcf700                  Options.enable_thread_tracking: 0
2020/03/08-20:16:54.049125 7fd0c5dcf700                  Options.enable_pipelined_write: 0
2020/03/08-20:16:54.049126 7fd0c5dcf700                  Options.unordered_write: 0
2020/03/08-20:16:54.049128 7fd0c5dcf700         Options.allow_concurrent_memtable_write: 1
2020/03/08-20:16:54.049130 7fd0c5dcf700      Options.enable_write_thread_adaptive_yield: 1
2020/03/08-20:16:54.049131 7fd0c5dcf700             Options.write_thread_max_yield_usec: 100
2020/03/08-20:16:54.049133 7fd0c5dcf700            Options.write_thread_slow_yield_usec: 3
2020/03/08-20:16:54.049135 7fd0c5dcf700                               Options.row_cache: None
2020/03/08-20:16:54.049137 7fd0c5dcf700                              Options.wal_filter: None
2020/03/08-20:16:54.049138 7fd0c5dcf700             Options.avoid_flush_during_recovery: 0
2020/03/08-20:16:54.049140 7fd0c5dcf700             Options.allow_ingest_behind: 0
2020/03/08-20:16:54.049141 7fd0c5dcf700             Options.preserve_deletes: 0
2020/03/08-20:16:54.049143 7fd0c5dcf700             Options.two_write_queues: 0
2020/03/08-20:16:54.049145 7fd0c5dcf700             Options.manual_wal_flush: 0
2020/03/08-20:16:54.049146 7fd0c5dcf700             Options.atomic_flush: 0
2020/03/08-20:16:54.049148 7fd0c5dcf700             Options.avoid_unnecessary_blocking_io: 0
2020/03/08-20:16:54.049150 7fd0c5dcf700                 Options.persist_stats_to_disk: 0
2020/03/08-20:16:54.049151 7fd0c5dcf700                 Options.write_dbid_to_manifest: 0
2020/03/08-20:16:54.049153 7fd0c5dcf700                 Options.log_readahead_size: 0
2020/03/08-20:16:54.049155 7fd0c5dcf700             Options.max_background_jobs: 2
2020/03/08-20:16:54.049156 7fd0c5dcf700             Options.max_background_compactions: 1
2020/03/08-20:16:54.049158 7fd0c5dcf700             Options.avoid_flush_during_shutdown: 0
2020/03/08-20:16:54.049160 7fd0c5dcf700           Options.writable_file_max_buffer_size: 1048576
2020/03/08-20:16:54.049161 7fd0c5dcf700             Options.delayed_write_rate : 16777216
2020/03/08-20:16:54.049163 7fd0c5dcf700             Options.max_total_wal_size: 0
2020/03/08-20:16:54.049165 7fd0c5dcf700             Options.delete_obsolete_files_period_micros: 21600000000
2020/03/08-20:16:54.049167 7fd0c5dcf700                   Options.stats_dump_period_sec: 600
2020/03/08-20:16:54.049169 7fd0c5dcf700                 Options.stats_persist_period_sec: 600
2020/03/08-20:16:54.049171 7fd0c5dcf700                 Options.stats_history_buffer_size: 1048576
2020/03/08-20:16:54.049172 7fd0c5dcf700                          Options.max_open_files: 10000
2020/03/08-20:16:54.049174 7fd0c5dcf700                          Options.bytes_per_sync: 0
2020/03/08-20:16:54.049176 7fd0c5dcf700                      Options.wal_bytes_per_sync: 0
2020/03/08-20:16:54.049177 7fd0c5dcf700                   Options.strict_bytes_per_sync: 0
2020/03/08-20:16:54.049179 7fd0c5dcf700       Options.compaction_readahead_size: 0
2020/03/08-20:16:54.049181 7fd0c5dcf700 Compression algorithms supported:
2020/03/08-20:16:54.049183 7fd0c5dcf700 	kZSTDNotFinalCompression supported: 1
2020/03/08-20:16:54.049186 7fd0c5dcf700 	kZSTD supported: 1
2020/03/08-20:16:54.049188 7fd0c5dcf700 	kXpressCompression supported: 0
2020/03/08-20:16:54.049190 7fd0c5dcf700 	kLZ4HCCompression supported: 1
2020/03/08-20:16:54.049193 7fd0c5dcf700 	kLZ4Compression supported: 1
2020/03/08-20:16:54.049194 7fd0c5dcf700 	kBZip2Compression supported: 1
2020/03/08-20:16:54.049196 7fd0c5dcf700 	kZlibCompression supported: 1
2020/03/08-20:16:54.049198 7fd0c5dcf700 	kSnappyCompression supported: 1
2020/03/08-20:16:54.049201 7fd0c5dcf700 Fast CRC32 supported: Not supported on x86
2020/03/08-20:16:54.049318 7fd0c5dcf700 [rsion_set.cc:4377] Recovering from manifest file: testnetdb/MANIFEST-000878
2020/03/08-20:16:54.049375 7fd0c5dcf700 [lumn_family.cc:550] --------------- Options for column family [default]:
2020/03/08-20:16:54.049379 7fd0c5dcf700               Options.comparator: leveldb.BytewiseComparator
2020/03/08-20:16:54.049381 7fd0c5dcf700           Options.merge_operator: StringAppendOperator
2020/03/08-20:16:54.049383 7fd0c5dcf700        Options.compaction_filter: None
2020/03/08-20:16:54.049385 7fd0c5dcf700        Options.compaction_filter_factory: None
2020/03/08-20:16:54.049387 7fd0c5dcf700         Options.memtable_factory: SkipListFactory
2020/03/08-20:16:54.049389 7fd0c5dcf700            Options.table_factory: BlockBasedTable
2020/03/08-20:16:54.049427 7fd0c5dcf700            table_factory options:   flush_block_policy_factory: FlushBlockBySizePolicyFactory (0x7fd0bcaef4d0)
  cache_index_and_filter_blocks: 0
  cache_index_and_filter_blocks_with_high_priority: 0
  pin_l0_filter_and_index_blocks_in_cache: 0
  pin_top_level_index_and_filter: 1
  index_type: 0
  data_block_index_type: 0
  index_shortening: 1
  data_block_hash_table_util_ratio: 0.750000
  hash_index_allow_collision: 1
  checksum: 1
  no_block_cache: 0
  block_cache: 0x7fd0bcb02b40
  block_cache_name: LRUCache
  block_cache_options:
    capacity : 102400000
    num_shard_bits : 2
    strict_capacity_limit : 0
    memory_allocator : None
    high_pri_pool_ratio: 0.000
  block_cache_compressed: 0x7fd0bcb01ec0
  block_cache_name: LRUCache
  block_cache_compressed_options:
    capacity : 32768
    num_shard_bits : 10
    strict_capacity_limit : 0
    memory_allocator : None
    high_pri_pool_ratio: 0.000
  persistent_cache: (nil)
  block_size: 4096
  block_size_deviation: 10
  block_restart_interval: 16
  index_block_restart_interval: 1
  metadata_block_size: 4096
  partition_filters: 0
  use_delta_encoding: 1
  filter_policy: rocksdb.BuiltinBloomFilter
  whole_key_filtering: 1
  verify_compression: 1
  read_amp_bytes_per_bit: 0
  format_version: 2
  enable_index_compression: 1
  block_align: 0
2020/03/08-20:16:54.049435 7fd0c5dcf700        Options.write_buffer_size: 2097152
2020/03/08-20:16:54.049436 7fd0c5dcf700  Options.max_write_buffer_number: 2
2020/03/08-20:16:54.049438 7fd0c5dcf700          Options.compression: Snappy
2020/03/08-20:16:54.049440 7fd0c5dcf700                  Options.bottommost_compression: Disabled
2020/03/08-20:16:54.049442 7fd0c5dcf700       Options.prefix_extractor: nullptr
2020/03/08-20:16:54.049444 7fd0c5dcf700   Options.memtable_insert_with_hint_prefix_extractor: nullptr
2020/03/08-20:16:54.049446 7fd0c5dcf700             Options.num_levels: 7
2020/03/08-20:16:54.049447 7fd0c5dcf700        Options.min_write_buffer_number_to_merge: 1
2020/03/08-20:16:54.049449 7fd0c5dcf700     Options.max_write_buffer_number_to_maintain: 0
2020/03/08-20:16:54.049451 7fd0c5dcf700     Options.max_write_buffer_size_to_maintain: 0
2020/03/08-20:16:54.049453 7fd0c5dcf700            Options.bottommost_compression_opts.window_bits: -14
2020/03/08-20:16:54.049455 7fd0c5dcf700                  Options.bottommost_compression_opts.level: 32767
2020/03/08-20:16:54.049456 7fd0c5dcf700               Options.bottommost_compression_opts.strategy: 0
2020/03/08-20:16:54.049458 7fd0c5dcf700         Options.bottommost_compression_opts.max_dict_bytes: 0
2020/03/08-20:16:54.049460 7fd0c5dcf700         Options.bottommost_compression_opts.zstd_max_train_bytes: 0
2020/03/08-20:16:54.049462 7fd0c5dcf700                  Options.bottommost_compression_opts.enabled: false
2020/03/08-20:16:54.049464 7fd0c5dcf700            Options.compression_opts.window_bits: -14
2020/03/08-20:16:54.049465 7fd0c5dcf700                  Options.compression_opts.level: 32767
2020/03/08-20:16:54.049467 7fd0c5dcf700               Options.compression_opts.strategy: 0
2020/03/08-20:16:54.049469 7fd0c5dcf700         Options.compression_opts.max_dict_bytes: 0
2020/03/08-20:16:54.049470 7fd0c5dcf700         Options.compression_opts.zstd_max_train_bytes: 0
2020/03/08-20:16:54.049472 7fd0c5dcf700                  Options.compression_opts.enabled: false
2020/03/08-20:16:54.049480 7fd0c5dcf700      Options.level0_file_num_compaction_trigger: 4
2020/03/08-20:16:54.049482 7fd0c5dcf700          Options.level0_slowdown_writes_trigger: 20
2020/03/08-20:16:54.049484 7fd0c5dcf700              Options.level0_stop_writes_trigger: 36
2020/03/08-20:16:54.049486 7fd0c5dcf700                   Options.target_file_size_base: 67108864
2020/03/08-20:16:54.049487 7fd0c5dcf700             Options.target_file_size_multiplier: 1
2020/03/08-20:16:54.049489 7fd0c5dcf700                Options.max_bytes_for_level_base: 268435456
2020/03/08-20:16:54.049491 7fd0c5dcf700 Options.level_compaction_dynamic_level_bytes: 0
2020/03/08-20:16:54.049494 7fd0c5dcf700          Options.max_bytes_for_level_multiplier: 10.000000
2020/03/08-20:16:54.049497 7fd0c5dcf700 Options.max_bytes_for_level_multiplier_addtl[0]: 1
2020/03/08-20:16:54.049499 7fd0c5dcf700 Options.max_bytes_for_level_multiplier_addtl[1]: 1
2020/03/08-20:16:54.049500 7fd0c5dcf700 Options.max_bytes_for_level_multiplier_addtl[2]: 1
2020/03/08-20:16:54.049502 7fd0c5dcf700 Options.max_bytes_for_level_multiplier_addtl[3]: 1
2020/03/08-20:16:54.049504 7fd0c5dcf700 Options.max_bytes_for_level_multiplier_addtl[4]: 1
2020/03/08-20:16:54.049505 7fd0c5dcf700 Options.max_bytes_for_level_multiplier_addtl[5]: 1
2020/03/08-20:16:54.049507 7fd0c5dcf700 Options.max_bytes_for_level_multiplier_addtl[6]: 1
2020/03/08-20:16:54.049509 7fd0c5dcf700       Options.max_sequential_skip_in_iterations: 8
2020/03/08-20:16:54.049511 7fd0c5dcf700                    Options.max_compaction_bytes: 1677721600
2020/03/08-20:16:54.049513 7fd0c5dcf700                        Options.arena_block_size: 262144
2020/03/08-20:16:54.049514 7fd0c5dcf700   Options.soft_pending_compaction_bytes_limit: 68719476736
2020/03/08-20:16:54.049516 7fd0c5dcf700   Options.hard_pending_compaction_bytes_limit: 274877906944
2020/03/08-20:16:54.049518 7fd0c5dcf700       Options.rate_limit_delay_max_milliseconds: 100
2020/03/08-20:16:54.049520 7fd0c5dcf700                Options.disable_auto_compactions: 0
2020/03/08-20:16:54.049522 7fd0c5dcf700                        Options.compaction_style: kCompactionStyleLevel
2020/03/08-20:16:54.049524 7fd0c5dcf700                          Options.compaction_pri: kMinOverlappingRatio
2020/03/08-20:16:54.049526 7fd0c5dcf700 Options.compaction_options_universal.size_ratio: 1
2020/03/08-20:16:54.049528 7fd0c5dcf700 Options.compaction_options_universal.min_merge_width: 2
2020/03/08-20:16:54.049529 7fd0c5dcf700 Options.compaction_options_universal.max_merge_width: 4294967295
2020/03/08-20:16:54.049531 7fd0c5dcf700 Options.compaction_options_universal.max_size_amplification_percent: 200
2020/03/08-20:16:54.049533 7fd0c5dcf700 Options.compaction_options_universal.compression_size_percent: -1
2020/03/08-20:16:54.049535 7fd0c5dcf700 Options.compaction_options_universal.stop_style: kCompactionStopStyleTotalSize
2020/03/08-20:16:54.049537 7fd0c5dcf700 Options.compaction_options_fifo.max_table_files_size: 1073741824
2020/03/08-20:16:54.049539 7fd0c5dcf700 Options.compaction_options_fifo.allow_compaction: 0
2020/03/08-20:16:54.049541 7fd0c5dcf700                   Options.table_properties_collectors: 
2020/03/08-20:16:54.049543 7fd0c5dcf700                   Options.inplace_update_support: 0
2020/03/08-20:16:54.049544 7fd0c5dcf700                 Options.inplace_update_num_locks: 10000
2020/03/08-20:16:54.049546 7fd0c5dcf700               Options.memtable_prefix_bloom_size_ratio: 0.000000
2020/03/08-20:16:54.049548 7fd0c5dcf700               Options.memtable_whole_key_filtering: 0
2020/03/08-20:16:54.049550 7fd0c5dcf700   Options.memtable_huge_page_size: 0
2020/03/08-20:16:54.049552 7fd0c5dcf700                           Options.bloom_locality: 0
2020/03/08-20:16:54.049554 7fd0c5dcf700                    Options.max_successive_merges: 0
2020/03/08-20:16:54.049555 7fd0c5dcf700                Options.optimize_filters_for_hits: 0
2020/03/08-20:16:54.049557 7fd0c5dcf700                Options.paranoid_file_checks: 0
2020/03/08-20:16:54.049559 7fd0c5dcf700                Options.force_consistency_checks: 0
2020/03/08-20:16:54.049577 7fd0c5dcf700                Options.report_bg_io_stats: 0
2020/03/08-20:16:54.049579 7fd0c5dcf700                               Options.ttl: 2592000
2020/03/08-20:16:54.049580 7fd0c5dcf700          Options.periodic_compaction_seconds: 0
2020/03/08-20:16:54.049633 7fd0c5dcf700 [lumn_family.cc:550] --------------- Options for column family [transaction]:
2020/03/08-20:16:54.049636 7fd0c5dcf700               Options.comparator: leveldb.BytewiseComparator
2020/03/08-20:16:54.049638 7fd0c5dcf700           Options.merge_operator: StringAppendOperator
2020/03/08-20:16:54.049640 7fd0c5dcf700        Options.compaction_filter: None
2020/03/08-20:16:54.049642 7fd0c5dcf700        Options.compaction_filter_factory: None
2020/03/08-20:16:54.049644 7fd0c5dcf700         Options.memtable_factory: SkipListFactory
2020/03/08-20:16:54.049646 7fd0c5dcf700            Options.table_factory: BlockBasedTable
2020/03/08-20:16:54.049677 7fd0c5dcf700            table_factory options:   flush_block_policy_factory: FlushBlockBySizePolicyFactory (0x7fd0bcaef4d0)
  cache_index_and_filter_blocks: 0
  cache_index_and_filter_blocks_with_high_priority: 0
  pin_l0_filter_and_index_blocks_in_cache: 0
  pin_top_level_index_and_filter: 1
  index_type: 0
  data_block_index_type: 0
  index_shortening: 1
  data_block_hash_table_util_ratio: 0.750000
  hash_index_allow_collision: 1
  checksum: 1
  no_block_cache: 0
  block_cache: 0x7fd0bcb02b40
  block_cache_name: LRUCache
  block_cache_options:
    capacity : 102400000
    num_shard_bits : 2
    strict_capacity_limit : 0
    memory_allocator : None
    high_pri_pool_ratio: 0.000
  block_cache_compressed: 0x7fd0bcb01ec0
  block_cache_name: LRUCache
  block_cache_compressed_options:
    capacity : 32768
    num_shard_bits : 10
    strict_capacity_limit : 0
    memory_allocator : None
    high_pri_pool_ratio: 0.000
  persistent_cache: (nil)
  block_size: 4096
  block_size_deviation: 10
  block_restart_interval: 16
  index_block_restart_interval: 1
  metadata_block_size: 4096
  partition_filters: 0
  use_delta_encoding: 1
  filter_policy: rocksdb.BuiltinBloomFilter
  whole_key_filtering: 1
  verify_compression: 1
  read_amp_bytes_per_bit: 0
  format_version: 2
  enable_index_compression: 1
  block_align: 0
2020/03/08-20:16:54.049684 7fd0c5dcf700        Options.write_buffer_size: 2097152
2020/03/08-20:16:54.049686 7fd0c5dcf700  Options.max_write_buffer_number: 2
2020/03/08-20:16:54.049688 7fd0c5dcf700          Options.compression: Snappy
2020/03/08-20:16:54.049690 7fd0c5dcf700                  Options.bottommost_compression: Disabled
2020/03/08-20:16:54.049692 7fd0c5dcf700       Options.prefix_extractor: nullptr
2020/03/08-20:16:54.049693 7fd0c5dcf700   Options.memtable_insert_with_hint_prefix_extractor: nullptr
2020/03/08-20:16:54.049695 7fd0c5dcf700             Options.num_levels: 7
2020/03/08-20:16:54.049697 7fd0c5dcf700        Options.min_write_buffer_number_to_merge: 1
2020/03/08-20:16:54.049698 7fd0c5dcf700     Options.max_write_buffer_number_to_maintain: 0
2020/03/08-20:16:54.049700 7fd0c5dcf700     Options.max_write_buffer_size_to_maintain: 0
2020/03/08-20:16:54.049702 7fd0c5dcf700            Options.bottommost_compression_opts.window_bits: -14
2020/03/08-20:16:54.049703 7fd0c5dcf700                  Options.bottommost_compression_opts.level: 32767
2020/03/08-20:16:54.049705 7fd0c5dcf700               Options.bottommost_compression_opts.strategy: 0
2020/03/08-20:16:54.049707 7fd0c5dcf700         Options.bottommost_compression_opts.max_dict_bytes: 0
2020/03/08-20:16:54.049708 7fd0c5dcf700         Options.bottommost_compression_opts.zstd_max_train_bytes: 0
2020/03/08-20:16:54.049710 7fd0c5dcf700                  Options.bottommost_compression_opts.enabled: false
2020/03/08-20:16:54.049712 7fd0c5dcf700            Options.compression_opts.window_bits: -14
2020/03/08-20:16:54.049714 7fd0c5dcf700                  Options.compression_opts.level: 32767
2020/03/08-20:16:54.049715 7fd0c5dcf700               Options.compression_opts.strategy: 0
2020/03/08-20:16:54.049723 7fd0c5dcf700         Options.compression_opts.max_dict_bytes: 0
2020/03/08-20:16:54.049725 7fd0c5dcf700         Options.compression_opts.zstd_max_train_bytes: 0
2020/03/08-20:16:54.049726 7fd0c5dcf700                  Options.compression_opts.enabled: false
2020/03/08-20:16:54.049728 7fd0c5dcf700      Options.level0_file_num_compaction_trigger: 4
2020/03/08-20:16:54.049730 7fd0c5dcf700          Options.level0_slowdown_writes_trigger: 20
2020/03/08-20:16:54.049731 7fd0c5dcf700              Options.level0_stop_writes_trigger: 36
2020/03/08-20:16:54.049733 7fd0c5dcf700                   Options.target_file_size_base: 67108864
2020/03/08-20:16:54.049735 7fd0c5dcf700             Options.target_file_size_multiplier: 1
2020/03/08-20:16:54.049736 7fd0c5dcf700                Options.max_bytes_for_level_base: 268435456
2020/03/08-20:16:54.049738 7fd0c5dcf700 Options.level_compaction_dynamic_level_bytes: 0
2020/03/08-20:16:54.049740 7fd0c5dcf700          Options.max_bytes_for_level_multiplier: 10.000000
2020/03/08-20:16:54.049743 7fd0c5dcf700 Options.max_bytes_for_level_multiplier_addtl[0]: 1
2020/03/08-20:16:54.049744 7fd0c5dcf700 Options.max_bytes_for_level_multiplier_addtl[1]: 1
2020/03/08-20:16:54.049746 7fd0c5dcf700 Options.max_bytes_for_level_multiplier_addtl[2]: 1
2020/03/08-20:16:54.049748 7fd0c5dcf700 Options.max_bytes_for_level_multiplier_addtl[3]: 1
2020/03/08-20:16:54.049749 7fd0c5dcf700 Options.max_bytes_for_level_multiplier_addtl[4]: 1
2020/03/08-20:16:54.049751 7fd0c5dcf700 Options.max_bytes_for_level_multiplier_addtl[5]: 1
2020/03/08-20:16:54.049753 7fd0c5dcf700 Options.max_bytes_for_level_multiplier_addtl[6]: 1
2020/03/08-20:16:54.049755 7fd0c5dcf700       Options.max_sequential_skip_in_iterations: 8
2020/03/08-20:16:54.049757 7fd0c5dcf700                    Options.max_compaction_bytes: 1677721600
2020/03/08-20:16:54.049758 7fd0c5dcf700                        Options.arena_block_size: 262144
2020/03/08-20:16:54.049760 7fd0c5dcf700   Options.soft_pending_compaction_bytes_limit: 68719476736
2020/03/08-20:16:54.049762 7fd0c5dcf700   Options.hard_pending_compaction_bytes_limit: 274877906944
2020/03/08-20:16:54.049764 7fd0c5dcf700       Options.rate_limit_delay_max_milliseconds: 100
2020/03/08-20:16:54.049765 7fd0c5dcf700                Options.disable_auto_compactions: 0
2020/03/08-20:16:54.049767 7fd0c5dcf700                        Options.compaction_style: kCompactionStyleLevel
2020/03/08-20:16:54.049769 7fd0c5dcf700                          Options.compaction_pri: kMinOverlappingRatio
2020/03/08-20:16:54.049771 7fd0c5dcf700 Options.compaction_options_universal.size_ratio: 1
2020/03/08-20:16:54.049773 7fd0c5dcf700 Options.compaction_options_universal.min_merge_width: 2
2020/03/08-20:16:54.049786 7fd0c5dcf700 Options.compaction_options_universal.max_merge_width: 4294967295
2020/03/08-20:16:54.049787 7fd0c5dcf700 Options.compaction_options_universal.max_size_amplification_percent: 200
2020/03/08-20:16:54.049789 7fd0c5dcf700 Options.compaction_options_universal.compression_size_percent: -1
2020/03/08-20:16:54.049790 7fd0c5dcf700 Options.compaction_options_universal.stop_style: kCompactionStopStyleTotalSize
2020/03/08-20:16:54.049792 7fd0c5dcf700 Options.compaction_options_fifo.max_table_files_size: 1073741824
2020/03/08-20:16:54.049794 7fd0c5dcf700 Options.compaction_options_fifo.allow_compaction: 0
2020/03/08-20:16:54.049795 7fd0c5dcf700                   Options.table_properties_collectors: 
2020/03/08-20:16:54.049796 7fd0c5dcf700                   Options.inplace_update_support: 0
2020/03/08-20:16:54.049798 7fd0c5dcf700                 Options.inplace_update_num_locks: 10000
2020/03/08-20:16:54.049800 7fd0c5dcf700               Options.memtable_prefix_bloom_size_ratio: 0.000000
2020/03/08-20:16:54.049801 7fd0c5dcf700               Options.memtable_whole_key_filtering: 0
2020/03/08-20:16:54.049802 7fd0c5dcf700   Options.memtable_huge_page_size: 0
2020/03/08-20:16:54.049804 7fd0c5dcf700                           Options.bloom_locality: 0
2020/03/08-20:16:54.049805 7fd0c5dcf700                    Options.max_successive_merges: 0
2020/03/08-20:16:54.049811 7fd0c5dcf700                Options.optimize_filters_for_hits: 0
2020/03/08-20:16:54.049813 7fd0c5dcf700                Options.paranoid_file_checks: 0
2020/03/08-20:16:54.049814 7fd0c5dcf700                Options.force_consistency_checks: 0
2020/03/08-20:16:54.049815 7fd0c5dcf700                Options.report_bg_io_stats: 0
2020/03/08-20:16:54.049817 7fd0c5dcf700                               Options.ttl: 2592000
2020/03/08-20:16:54.049818 7fd0c5dcf700          Options.periodic_compaction_seconds: 0
2020/03/08-20:16:54.049839 7fd0c5dcf700 [lumn_family.cc:550] --------------- Options for column family [milestone]:
2020/03/08-20:16:54.049841 7fd0c5dcf700               Options.comparator: leveldb.BytewiseComparator
2020/03/08-20:16:54.049843 7fd0c5dcf700           Options.merge_operator: StringAppendOperator
2020/03/08-20:16:54.049845 7fd0c5dcf700        Options.compaction_filter: None
2020/03/08-20:16:54.049846 7fd0c5dcf700        Options.compaction_filter_factory: None
2020/03/08-20:16:54.049848 7fd0c5dcf700         Options.memtable_factory: SkipListFactory
2020/03/08-20:16:54.049849 7fd0c5dcf700            Options.table_factory: BlockBasedTable
2020/03/08-20:16:54.049873 7fd0c5dcf700            table_factory options:   flush_block_policy_factory: FlushBlockBySizePolicyFactory (0x7fd0bcaef4d0)
  cache_index_and_filter_blocks: 0
  cache_index_and_filter_blocks_with_high_priority: 0
  pin_l0_filter_and_index_blocks_in_cache: 0
  pin_top_level_index_and_filter: 1
  index_type: 0
  data_block_index_type: 0
  index_shortening: 1
  data_block_hash_table_util_ratio: 0.750000
  hash_index_allow_collision: 1
  checksum: 1
  no_block_cache: 0
  block_cache: 0x7fd0bcb02b40
  block_cache_name: LRUCache
  block_cache_options:
    capacity : 102400000
    num_shard_bits : 2
    strict_capacity_limit : 0
    memory_allocator : None
    high_pri_pool_ratio: 0.000
  block_cache_compressed: 0x7fd0bcb01ec0
  block_cache_name: LRUCache
  block_cache_compressed_options:
    capacity : 32768
    num_shard_bits : 10
    strict_capacity_limit : 0
    memory_allocator : None
    high_pri_pool_ratio: 0.000
  persistent_cache: (nil)
  block_size: 4096
  block_size_deviation: 10
  block_restart_interval: 16
  index_block_restart_interval: 1
  metadata_block_size: 4096
  partition_filters: 0
  use_delta_encoding: 1
  filter_policy: rocksdb.BuiltinBloomFilter
  whole_key_filtering: 1
  verify_compression: 1
  read_amp_bytes_per_bit: 0
  format_version: 2
  enable_index_compression: 1
  block_align: 0
2020/03/08-20:16:54.049880 7fd0c5dcf700        Options.write_buffer_size: 2097152
2020/03/08-20:16:54.049881 7fd0c5dcf700  Options.max_write_buffer_number: 2
2020/03/08-20:16:54.049883 7fd0c5dcf700          Options.compression: Snappy
2020/03/08-20:16:54.049884 7fd0c5dcf700                  Options.bottommost_compression: Disabled
2020/03/08-20:16:54.049886 7fd0c5dcf700       Options.prefix_extractor: nullptr
2020/03/08-20:16:54.049887 7fd0c5dcf700   Options.memtable_insert_with_hint_prefix_extractor: nullptr
2020/03/08-20:16:54.049889 7fd0c5dcf700             Options.num_levels: 7
2020/03/08-20:16:54.049890 7fd0c5dcf700        Options.min_write_buffer_number_to_merge: 1
2020/03/08-20:16:54.049891 7fd0c5dcf700     Options.max_write_buffer_number_to_maintain: 0
2020/03/08-20:16:54.049893 7fd0c5dcf700     Options.max_write_buffer_size_to_maintain: 0
2020/03/08-20:16:54.049894 7fd0c5dcf700            Options.bottommost_compression_opts.window_bits: -14
2020/03/08-20:16:54.049896 7fd0c5dcf700                  Options.bottommost_compression_opts.level: 32767
2020/03/08-20:16:54.049897 7fd0c5dcf700               Options.bottommost_compression_opts.strategy: 0
2020/03/08-20:16:54.049899 7fd0c5dcf700         Options.bottommost_compression_opts.max_dict_bytes: 0
2020/03/08-20:16:54.049900 7fd0c5dcf700         Options.bottommost_compression_opts.zstd_max_train_bytes: 0
2020/03/08-20:16:54.049901 7fd0c5dcf700                  Options.bottommost_compression_opts.enabled: false
2020/03/08-20:16:54.049903 7fd0c5dcf700            Options.compression_opts.window_bits: -14
2020/03/08-20:16:54.049909 7fd0c5dcf700                  Options.compression_opts.level: 32767
2020/03/08-20:16:54.049911 7fd0c5dcf700               Options.compression_opts.strategy: 0
2020/03/08-20:16:54.049912 7fd0c5dcf700         Options.compression_opts.max_dict_bytes: 0
2020/03/08-20:16:54.049913 7fd0c5dcf700         Options.compression_opts.zstd_max_train_bytes: 0
2020/03/08-20:16:54.049915 7fd0c5dcf700                  Options.compression_opts.enabled: false
2020/03/08-20:16:54.049916 7fd0c5dcf700      Options.level0_file_num_compaction_trigger: 4
2020/03/08-20:16:54.049918 7fd0c5dcf700          Options.level0_slowdown_writes_trigger: 20
2020/03/08-20:16:54.049919 7fd0c5dcf700              Options.level0_stop_writes_trigger: 36
2020/03/08-20:16:54.049921 7fd0c5dcf700                   Options.target_file_size_base: 67108864
2020/03/08-20:16:54.049922 7fd0c5dcf700             Options.target_file_size_multiplier: 1
2020/03/08-20:16:54.049924 7fd0c5dcf700                Options.max_bytes_for_level_base: 268435456
2020/03/08-20:16:54.049925 7fd0c5dcf700 Options.level_compaction_dynamic_level_bytes: 0
2020/03/08-20:16:54.049927 7fd0c5dcf700          Options.max_bytes_for_level_multiplier: 10.000000
2020/03/08-20:16:54.049929 7fd0c5dcf700 Options.max_bytes_for_level_multiplier_addtl[0]: 1
2020/03/08-20:16:54.049930 7fd0c5dcf700 Options.max_bytes_for_level_multiplier_addtl[1]: 1
2020/03/08-20:16:54.049932 7fd0c5dcf700 Options.max_bytes_for_level_multiplier_addtl[2]: 1
2020/03/08-20:16:54.049933 7fd0c5dcf700 Options.max_bytes_for_level_multiplier_addtl[3]: 1
2020/03/08-20:16:54.049935 7fd0c5dcf700 Options.max_bytes_for_level_multiplier_addtl[4]: 1
2020/03/08-20:16:54.049936 7fd0c5dcf700 Options.max_bytes_for_level_multiplier_addtl[5]: 1
2020/03/08-20:16:54.049938 7fd0c5dcf700 Options.max_bytes_for_level_multiplier_addtl[6]: 1
2020/03/08-20:16:54.049939 7fd0c5dcf700       Options.max_sequential_skip_in_iterations: 8
2020/03/08-20:16:54.049940 7fd0c5dcf700                    Options.max_compaction_bytes: 1677721600
2020/03/08-20:16:54.049942 7fd0c5dcf700                        Options.arena_block_size: 262144
2020/03/08-20:16:54.049943 7fd0c5dcf700   Options.soft_pending_compaction_bytes_limit: 68719476736
2020/03/08-20:16:54.049945 7fd0c5dcf700   Options.hard_pending_compaction_bytes_limit: 274877906944
2020/03/08-20:16:54.049946 7fd0c5dcf700       Options.rate_limit_delay_max_milliseconds: 100
2020/03/08-20:16:54.049948 7fd0c5dcf700                Options.disable_auto_compactions: 0
2020/03/08-20:16:54.049949 7fd0c5dcf700                        Options.compaction_style: kCompactionStyleLevel
2020/03/08-20:16:54.049951 7fd0c5dcf700                          Options.compaction_pri: kMinOverlappingRatio
2020/03/08-20:16:54.049952 7fd0c5dcf700 Options.compaction_options_universal.size_ratio: 1
2020/03/08-20:16:54.049954 7fd0c5dcf700 Options.compaction_options_universal.min_merge_width: 2
2020/03/08-20:16:54.049955 7fd0c5dcf700 Options.compaction_options_universal.max_merge_width: 4294967295
2020/03/08-20:16:54.049957 7fd0c5dcf700 Options.compaction_options_universal.max_size_amplification_percent: 200
2020/03/08-20:16:54.049958 7fd0c5dcf700 Options.compaction_options_universal.compression_size_percent: -1
2020/03/08-20:16:54.049960 7fd0c5dcf700 Options.compaction_options_universal.stop_style: kCompactionStopStyleTotalSize
2020/03/08-20:16:54.049961 7fd0c5dcf700 Options.compaction_options_fifo.max_table_files_size: 1073741824
2020/03/08-20:16:54.049963 7fd0c5dcf700 Options.compaction_options_fifo.allow_compaction: 0
2020/03/08-20:16:54.049964 7fd0c5dcf700                   Options.table_properties_collectors: 
2020/03/08-20:16:54.049966 7fd0c5dcf700                   Options.inplace_update_support: 0
2020/03/08-20:16:54.049967 7fd0c5dcf700                 Options.inplace_update_num_locks: 10000
2020/03/08-20:16:54.049969 7fd0c5dcf700               Options.memtable_prefix_bloom_size_ratio: 0.000000
2020/03/08-20:16:54.049970 7fd0c5dcf700               Options.memtable_whole_key_filtering: 0
2020/03/08-20:16:54.049976 7fd0c5dcf700   Options.memtable_huge_page_size: 0
2020/03/08-20:16:54.049977 7fd0c5dcf700                           Options.bloom_locality: 0
2020/03/08-20:16:54.049979 7fd0c5dcf700                    Options.max_successive_merges: 0
2020/03/08-20:16:54.049980 7fd0c5dcf700                Options.optimize_filters_for_hits: 0
2020/03/08-20:16:54.049981 7fd0c5dcf700                Options.paranoid_file_checks: 0
2020/03/08-20:16:54.049983 7fd0c5dcf700                Options.force_consistency_checks: 0
2020/03/08-20:16:54.049984 7fd0c5dcf700                Options.report_bg_io_stats: 0
2020/03/08-20:16:54.049986 7fd0c5dcf700                               Options.ttl: 2592000
2020/03/08-20:16:54.049987 7fd0c5dcf700          Options.periodic_compaction_seconds: 0
2020/03/08-20:16:54.050041 7fd0c5dcf700 [lumn_family.cc:550] --------------- Options for column family [stateDiff]:
2020/03/08-20:16:54.050043 7fd0c5dcf700               Options.comparator: leveldb.BytewiseComparator
2020/03/08-20:16:54.050045 7fd0c5dcf700           Options.merge_operator: StringAppendOperator
2020/03/08-20:16:54.050046 7fd0c5dcf700        Options.compaction_filter: None
2020/03/08-20:16:54.050048 7fd0c5dcf700        Options.compaction_filter_factory: None
2020/03/08-20:16:54.050049 7fd0c5dcf700         Options.memtable_factory: SkipListFactory
2020/03/08-20:16:54.050051 7fd0c5dcf700            Options.table_factory: BlockBasedTable
2020/03/08-20:16:54.050076 7fd0c5dcf700            table_factory options:   flush_block_policy_factory: FlushBlockBySizePolicyFactory (0x7fd0bcaef4d0)
  cache_index_and_filter_blocks: 0
  cache_index_and_filter_blocks_with_high_priority: 0
  pin_l0_filter_and_index_blocks_in_cache: 0
  pin_top_level_index_and_filter: 1
  index_type: 0
  data_block_index_type: 0
  index_shortening: 1
  data_block_hash_table_util_ratio: 0.750000
  hash_index_allow_collision: 1
  checksum: 1
  no_block_cache: 0
  block_cache: 0x7fd0bcb02b40
  block_cache_name: LRUCache
  block_cache_options:
    capacity : 102400000
    num_shard_bits : 2
    strict_capacity_limit : 0
    memory_allocator : None
    high_pri_pool_ratio: 0.000
  block_cache_compressed: 0x7fd0bcb01ec0
  block_cache_name: LRUCache
  block_cache_compressed_options:
    capacity : 32768
    num_shard_bits : 10
    strict_capacity_limit : 0
    memory_allocator : None
    high_pri_pool_ratio: 0.000
  persistent_cache: (nil)
  block_size: 4096
  block_size_deviation: 10
  block_restart_interval: 16
  index_block_restart_interval: 1
  metadata_block_size: 4096
  partition_filters: 0
  use_delta_encoding: 1
  filter_policy: rocksdb.BuiltinBloomFilter
  whole_key_filtering: 1
  verify_compression: 1
  read_amp_bytes_per_bit: 0
  format_version: 2
  enable_index_compression: 1
  block_align: 0
2020/03/08-20:16:54.050082 7fd0c5dcf700        Options.write_buffer_size: 2097152
2020/03/08-20:16:54.050084 7fd0c5dcf700  Options.max_write_buffer_number: 2
2020/03/08-20:16:54.050085 7fd0c5dcf700          Options.compression: Snappy
2020/03/08-20:16:54.050087 7fd0c5dcf700                  Options.bottommost_compression: Disabled
2020/03/08-20:16:54.050088 7fd0c5dcf700       Options.prefix_extractor: nullptr
2020/03/08-20:16:54.050090 7fd0c5dcf700   Options.memtable_insert_with_hint_prefix_extractor: nullptr
2020/03/08-20:16:54.050091 7fd0c5dcf700             Options.num_levels: 7
2020/03/08-20:16:54.050093 7fd0c5dcf700        Options.min_write_buffer_number_to_merge: 1
2020/03/08-20:16:54.050094 7fd0c5dcf700     Options.max_write_buffer_number_to_maintain: 0
2020/03/08-20:16:54.050096 7fd0c5dcf700     Options.max_write_buffer_size_to_maintain: 0
2020/03/08-20:16:54.050097 7fd0c5dcf700            Options.bottommost_compression_opts.window_bits: -14
2020/03/08-20:16:54.050098 7fd0c5dcf700                  Options.bottommost_compression_opts.level: 32767
2020/03/08-20:16:54.050100 7fd0c5dcf700               Options.bottommost_compression_opts.strategy: 0
2020/03/08-20:16:54.050101 7fd0c5dcf700         Options.bottommost_compression_opts.max_dict_bytes: 0
2020/03/08-20:16:54.050108 7fd0c5dcf700         Options.bottommost_compression_opts.zstd_max_train_bytes: 0
2020/03/08-20:16:54.050109 7fd0c5dcf700                  Options.bottommost_compression_opts.enabled: false
2020/03/08-20:16:54.050111 7fd0c5dcf700            Options.compression_opts.window_bits: -14
2020/03/08-20:16:54.050112 7fd0c5dcf700                  Options.compression_opts.level: 32767
2020/03/08-20:16:54.050113 7fd0c5dcf700               Options.compression_opts.strategy: 0
2020/03/08-20:16:54.050115 7fd0c5dcf700         Options.compression_opts.max_dict_bytes: 0
2020/03/08-20:16:54.050116 7fd0c5dcf700         Options.compression_opts.zstd_max_train_bytes: 0
2020/03/08-20:16:54.050118 7fd0c5dcf700                  Options.compression_opts.enabled: false
2020/03/08-20:16:54.050119 7fd0c5dcf700      Options.level0_file_num_compaction_trigger: 4
2020/03/08-20:16:54.050121 7fd0c5dcf700          Options.level0_slowdown_writes_trigger: 20
2020/03/08-20:16:54.050122 7fd0c5dcf700              Options.level0_stop_writes_trigger: 36
2020/03/08-20:16:54.050123 7fd0c5dcf700                   Options.target_file_size_base: 67108864
2020/03/08-20:16:54.050125 7fd0c5dcf700             Options.target_file_size_multiplier: 1
2020/03/08-20:16:54.050126 7fd0c5dcf700                Options.max_bytes_for_level_base: 268435456
2020/03/08-20:16:54.050128 7fd0c5dcf700 Options.level_compaction_dynamic_level_bytes: 0
2020/03/08-20:16:54.050130 7fd0c5dcf700          Options.max_bytes_for_level_multiplier: 10.000000
2020/03/08-20:16:54.050131 7fd0c5dcf700 Options.max_bytes_for_level_multiplier_addtl[0]: 1
2020/03/08-20:16:54.050133 7fd0c5dcf700 Options.max_bytes_for_level_multiplier_addtl[1]: 1
2020/03/08-20:16:54.050134 7fd0c5dcf700 Options.max_bytes_for_level_multiplier_addtl[2]: 1
2020/03/08-20:16:54.050136 7fd0c5dcf700 Options.max_bytes_for_level_multiplier_addtl[3]: 1
2020/03/08-20:16:54.050137 7fd0c5dcf700 Options.max_bytes_for_level_multiplier_addtl[4]: 1
2020/03/08-20:16:54.050139 7fd0c5dcf700 Options.max_bytes_for_level_multiplier_addtl[5]: 1
2020/03/08-20:16:54.050140 7fd0c5dcf700 Options.max_bytes_for_level_multiplier_addtl[6]: 1
2020/03/08-20:16:54.050142 7fd0c5dcf700       Options.max_sequential_skip_in_iterations: 8
2020/03/08-20:16:54.050143 7fd0c5dcf700                    Options.max_compaction_bytes: 1677721600
2020/03/08-20:16:54.050145 7fd0c5dcf700                        Options.arena_block_size: 262144
2020/03/08-20:16:54.050146 7fd0c5dcf700   Options.soft_pending_compaction_bytes_limit: 68719476736
2020/03/08-20:16:54.050148 7fd0c5dcf700   Options.hard_pending_compaction_bytes_limit: 274877906944
2020/03/08-20:16:54.050149 7fd0c5dcf700       Options.rate_limit_delay_max_milliseconds: 100
2020/03/08-20:16:54.050151 7fd0c5dcf700                Options.disable_auto_compactions: 0
2020/03/08-20:16:54.050152 7fd0c5dcf700                        Options.compaction_style: kCompactionStyleLevel
