2020/03/07-12:40:37.878892 7fdfc1a4c700 RocksDB version: 6.6.4
2020/03/07-12:40:37.878936 7fdfc1a4c700 Git sha rocksdb_build_git_sha:
2020/03/07-12:40:37.878940 7fdfc1a4c700 Compile date Feb 12 2020
2020/03/07-12:40:37.878944 7fdfc1a4c700 DB SUMMARY
2020/03/07-12:40:37.879096 7fdfc1a4c700 CURRENT file:  CURRENT
2020/03/07-12:40:37.879099 7fdfc1a4c700 IDENTITY file:  IDENTITY
2020/03/07-12:40:37.879111 7fdfc1a4c700 MANIFEST file:  MANIFEST-000452 size: 4275 Bytes
2020/03/07-12:40:37.879117 7fdfc1a4c700 SST files in testnetdb dir, Total Num: 41, files: 000049.sst 000077.sst 000087.sst 000097.sst 000117.sst 000144.sst 000157.sst 000171.sst 000190.sst 
2020/03/07-12:40:37.879121 7fdfc1a4c700 Write Ahead Log file in testnetdb: 000453.log size: 0 ; 
2020/03/07-12:40:37.879130 7fdfc1a4c700                         Options.error_if_exists: 0
2020/03/07-12:40:37.879133 7fdfc1a4c700                       Options.create_if_missing: 1
2020/03/07-12:40:37.879136 7fdfc1a4c700                         Options.paranoid_checks: 1
2020/03/07-12:40:37.879139 7fdfc1a4c700                                     Options.env: 0x7fdf28ff1020
2020/03/07-12:40:37.879142 7fdfc1a4c700                                Options.info_log: 0x7fdfb8b097a0
2020/03/07-12:40:37.879145 7fdfc1a4c700                Options.max_file_opening_threads: 16
2020/03/07-12:40:37.879148 7fdfc1a4c700                              Options.statistics: (nil)
2020/03/07-12:40:37.879151 7fdfc1a4c700                               Options.use_fsync: 0
2020/03/07-12:40:37.879154 7fdfc1a4c700                       Options.max_log_file_size: 1048576
2020/03/07-12:40:37.879157 7fdfc1a4c700                  Options.max_manifest_file_size: 1048576
2020/03/07-12:40:37.879160 7fdfc1a4c700                   Options.log_file_time_to_roll: 0
2020/03/07-12:40:37.879163 7fdfc1a4c700                       Options.keep_log_file_num: 1000
2020/03/07-12:40:37.879166 7fdfc1a4c700                    Options.recycle_log_file_num: 0
2020/03/07-12:40:37.879169 7fdfc1a4c700                         Options.allow_fallocate: 1
2020/03/07-12:40:37.879171 7fdfc1a4c700                        Options.allow_mmap_reads: 0
2020/03/07-12:40:37.879174 7fdfc1a4c700                       Options.allow_mmap_writes: 0
2020/03/07-12:40:37.879177 7fdfc1a4c700                        Options.use_direct_reads: 0
2020/03/07-12:40:37.879180 7fdfc1a4c700                        Options.use_direct_io_for_flush_and_compaction: 0
2020/03/07-12:40:37.879183 7fdfc1a4c700          Options.create_missing_column_families: 1
2020/03/07-12:40:37.879185 7fdfc1a4c700                              Options.db_log_dir: 
2020/03/07-12:40:37.879188 7fdfc1a4c700                                 Options.wal_dir: testnetdb
2020/03/07-12:40:37.879191 7fdfc1a4c700                Options.table_cache_numshardbits: 6
2020/03/07-12:40:37.879194 7fdfc1a4c700                      Options.max_subcompactions: 30
2020/03/07-12:40:37.879197 7fdfc1a4c700                  Options.max_background_flushes: -1
2020/03/07-12:40:37.879200 7fdfc1a4c700                         Options.WAL_ttl_seconds: 0
2020/03/07-12:40:37.879202 7fdfc1a4c700                       Options.WAL_size_limit_MB: 0
2020/03/07-12:40:37.879205 7fdfc1a4c700                        Options.max_write_batch_group_size_bytes: 1048576
2020/03/07-12:40:37.879208 7fdfc1a4c700             Options.manifest_preallocation_size: 4194304
2020/03/07-12:40:37.879211 7fdfc1a4c700                     Options.is_fd_close_on_exec: 1
2020/03/07-12:40:37.879214 7fdfc1a4c700                   Options.advise_random_on_open: 1
2020/03/07-12:40:37.879217 7fdfc1a4c700                    Options.db_write_buffer_size: 0
2020/03/07-12:40:37.879220 7fdfc1a4c700                    Options.write_buffer_manager: 0x7fdfb8b0a8a0
2020/03/07-12:40:37.879222 7fdfc1a4c700         Options.access_hint_on_compaction_start: 1
2020/03/07-12:40:37.879226 7fdfc1a4c700  Options.new_table_reader_for_compaction_inputs: 0
2020/03/07-12:40:37.879228 7fdfc1a4c700           Options.random_access_max_buffer_size: 1048576
2020/03/07-12:40:37.879231 7fdfc1a4c700                      Options.use_adaptive_mutex: 0
2020/03/07-12:40:37.879234 7fdfc1a4c700                            Options.rate_limiter: (nil)
2020/03/07-12:40:37.879247 7fdfc1a4c700     Options.sst_file_manager.rate_bytes_per_sec: 0
2020/03/07-12:40:37.879249 7fdfc1a4c700                       Options.wal_recovery_mode: 2
2020/03/07-12:40:37.879252 7fdfc1a4c700                  Options.enable_thread_tracking: 0
2020/03/07-12:40:37.879255 7fdfc1a4c700                  Options.enable_pipelined_write: 0
2020/03/07-12:40:37.879258 7fdfc1a4c700                  Options.unordered_write: 0
2020/03/07-12:40:37.879261 7fdfc1a4c700         Options.allow_concurrent_memtable_write: 1
2020/03/07-12:40:37.879264 7fdfc1a4c700      Options.enable_write_thread_adaptive_yield: 1
2020/03/07-12:40:37.879267 7fdfc1a4c700             Options.write_thread_max_yield_usec: 100
2020/03/07-12:40:37.879270 7fdfc1a4c700            Options.write_thread_slow_yield_usec: 3
2020/03/07-12:40:37.879273 7fdfc1a4c700                               Options.row_cache: None
2020/03/07-12:40:37.879276 7fdfc1a4c700                              Options.wal_filter: None
2020/03/07-12:40:37.879279 7fdfc1a4c700             Options.avoid_flush_during_recovery: 0
2020/03/07-12:40:37.879281 7fdfc1a4c700             Options.allow_ingest_behind: 0
2020/03/07-12:40:37.879284 7fdfc1a4c700             Options.preserve_deletes: 0
2020/03/07-12:40:37.879287 7fdfc1a4c700             Options.two_write_queues: 0
2020/03/07-12:40:37.879290 7fdfc1a4c700             Options.manual_wal_flush: 0
2020/03/07-12:40:37.879292 7fdfc1a4c700             Options.atomic_flush: 0
2020/03/07-12:40:37.879295 7fdfc1a4c700             Options.avoid_unnecessary_blocking_io: 0
2020/03/07-12:40:37.879298 7fdfc1a4c700                 Options.persist_stats_to_disk: 0
2020/03/07-12:40:37.879301 7fdfc1a4c700                 Options.write_dbid_to_manifest: 0
2020/03/07-12:40:37.879304 7fdfc1a4c700                 Options.log_readahead_size: 0
2020/03/07-12:40:37.879307 7fdfc1a4c700             Options.max_background_jobs: 2
2020/03/07-12:40:37.879309 7fdfc1a4c700             Options.max_background_compactions: 1
2020/03/07-12:40:37.879312 7fdfc1a4c700             Options.avoid_flush_during_shutdown: 0
2020/03/07-12:40:37.879315 7fdfc1a4c700           Options.writable_file_max_buffer_size: 1048576
2020/03/07-12:40:37.879318 7fdfc1a4c700             Options.delayed_write_rate : 16777216
2020/03/07-12:40:37.879321 7fdfc1a4c700             Options.max_total_wal_size: 0
2020/03/07-12:40:37.879324 7fdfc1a4c700             Options.delete_obsolete_files_period_micros: 21600000000
2020/03/07-12:40:37.879327 7fdfc1a4c700                   Options.stats_dump_period_sec: 600
2020/03/07-12:40:37.879330 7fdfc1a4c700                 Options.stats_persist_period_sec: 600
2020/03/07-12:40:37.879333 7fdfc1a4c700                 Options.stats_history_buffer_size: 1048576
2020/03/07-12:40:37.879336 7fdfc1a4c700                          Options.max_open_files: 10000
2020/03/07-12:40:37.879339 7fdfc1a4c700                          Options.bytes_per_sync: 0
2020/03/07-12:40:37.879342 7fdfc1a4c700                      Options.wal_bytes_per_sync: 0
2020/03/07-12:40:37.879344 7fdfc1a4c700                   Options.strict_bytes_per_sync: 0
2020/03/07-12:40:37.879347 7fdfc1a4c700       Options.compaction_readahead_size: 0
2020/03/07-12:40:37.879350 7fdfc1a4c700 Compression algorithms supported:
2020/03/07-12:40:37.879353 7fdfc1a4c700 	kZSTDNotFinalCompression supported: 1
2020/03/07-12:40:37.879357 7fdfc1a4c700 	kZSTD supported: 1
2020/03/07-12:40:37.879360 7fdfc1a4c700 	kXpressCompression supported: 0
2020/03/07-12:40:37.879364 7fdfc1a4c700 	kLZ4HCCompression supported: 1
2020/03/07-12:40:37.879367 7fdfc1a4c700 	kLZ4Compression supported: 1
2020/03/07-12:40:37.879370 7fdfc1a4c700 	kBZip2Compression supported: 1
2020/03/07-12:40:37.879373 7fdfc1a4c700 	kZlibCompression supported: 1
2020/03/07-12:40:37.879376 7fdfc1a4c700 	kSnappyCompression supported: 1
2020/03/07-12:40:37.879381 7fdfc1a4c700 Fast CRC32 supported: Not supported on x86
2020/03/07-12:40:37.879527 7fdfc1a4c700 [rsion_set.cc:4377] Recovering from manifest file: testnetdb/MANIFEST-000452
2020/03/07-12:40:37.879604 7fdfc1a4c700 [lumn_family.cc:550] --------------- Options for column family [default]:
2020/03/07-12:40:37.879609 7fdfc1a4c700               Options.comparator: leveldb.BytewiseComparator
2020/03/07-12:40:37.879612 7fdfc1a4c700           Options.merge_operator: StringAppendOperator
2020/03/07-12:40:37.879616 7fdfc1a4c700        Options.compaction_filter: None
2020/03/07-12:40:37.879618 7fdfc1a4c700        Options.compaction_filter_factory: None
2020/03/07-12:40:37.879622 7fdfc1a4c700         Options.memtable_factory: SkipListFactory
2020/03/07-12:40:37.879625 7fdfc1a4c700            Options.table_factory: BlockBasedTable
2020/03/07-12:40:37.879679 7fdfc1a4c700            table_factory options:   flush_block_policy_factory: FlushBlockBySizePolicyFactory (0x7fdfb8ab7f40)
  cache_index_and_filter_blocks: 0
  cache_index_and_filter_blocks_with_high_priority: 0
  pin_l0_filter_and_index_blocks_in_cache: 0
  pin_top_level_index_and_filter: 1
  index_type: 0
  data_block_index_type: 0
  index_shortening: 1
  data_block_hash_table_util_ratio: 0.750000
  hash_index_allow_collision: 1
  checksum: 1
  no_block_cache: 0
  block_cache: 0x7fdfb8a9f010
  block_cache_name: LRUCache
  block_cache_options:
    capacity : 102400000
    num_shard_bits : 2
    strict_capacity_limit : 0
    memory_allocator : None
    high_pri_pool_ratio: 0.000
  block_cache_compressed: 0x7fdfb8a99830
  block_cache_name: LRUCache
  block_cache_compressed_options:
    capacity : 32768
    num_shard_bits : 10
    strict_capacity_limit : 0
    memory_allocator : None
    high_pri_pool_ratio: 0.000
  persistent_cache: (nil)
  block_size: 4096
  block_size_deviation: 10
  block_restart_interval: 16
  index_block_restart_interval: 1
  metadata_block_size: 4096
  partition_filters: 0
  use_delta_encoding: 1
  filter_policy: rocksdb.BuiltinBloomFilter
  whole_key_filtering: 1
  verify_compression: 1
  read_amp_bytes_per_bit: 0
  format_version: 2
  enable_index_compression: 1
  block_align: 0
2020/03/07-12:40:37.879690 7fdfc1a4c700        Options.write_buffer_size: 2097152
2020/03/07-12:40:37.879693 7fdfc1a4c700  Options.max_write_buffer_number: 2
2020/03/07-12:40:37.879697 7fdfc1a4c700          Options.compression: Snappy
2020/03/07-12:40:37.879700 7fdfc1a4c700                  Options.bottommost_compression: Disabled
2020/03/07-12:40:37.879703 7fdfc1a4c700       Options.prefix_extractor: nullptr
2020/03/07-12:40:37.879706 7fdfc1a4c700   Options.memtable_insert_with_hint_prefix_extractor: nullptr
2020/03/07-12:40:37.879709 7fdfc1a4c700             Options.num_levels: 7
2020/03/07-12:40:37.879712 7fdfc1a4c700        Options.min_write_buffer_number_to_merge: 1
2020/03/07-12:40:37.879715 7fdfc1a4c700     Options.max_write_buffer_number_to_maintain: 0
2020/03/07-12:40:37.879718 7fdfc1a4c700     Options.max_write_buffer_size_to_maintain: 0
2020/03/07-12:40:37.879721 7fdfc1a4c700            Options.bottommost_compression_opts.window_bits: -14
2020/03/07-12:40:37.879724 7fdfc1a4c700                  Options.bottommost_compression_opts.level: 32767
2020/03/07-12:40:37.879727 7fdfc1a4c700               Options.bottommost_compression_opts.strategy: 0
2020/03/07-12:40:37.879730 7fdfc1a4c700         Options.bottommost_compression_opts.max_dict_bytes: 0
2020/03/07-12:40:37.879733 7fdfc1a4c700         Options.bottommost_compression_opts.zstd_max_train_bytes: 0
2020/03/07-12:40:37.879736 7fdfc1a4c700                  Options.bottommost_compression_opts.enabled: false
2020/03/07-12:40:37.879739 7fdfc1a4c700            Options.compression_opts.window_bits: -14
2020/03/07-12:40:37.879742 7fdfc1a4c700                  Options.compression_opts.level: 32767
2020/03/07-12:40:37.879745 7fdfc1a4c700               Options.compression_opts.strategy: 0
2020/03/07-12:40:37.879747 7fdfc1a4c700         Options.compression_opts.max_dict_bytes: 0
2020/03/07-12:40:37.879750 7fdfc1a4c700         Options.compression_opts.zstd_max_train_bytes: 0
2020/03/07-12:40:37.879753 7fdfc1a4c700                  Options.compression_opts.enabled: false
2020/03/07-12:40:37.879765 7fdfc1a4c700      Options.level0_file_num_compaction_trigger: 4
2020/03/07-12:40:37.879768 7fdfc1a4c700          Options.level0_slowdown_writes_trigger: 20
2020/03/07-12:40:37.879771 7fdfc1a4c700              Options.level0_stop_writes_trigger: 36
2020/03/07-12:40:37.879774 7fdfc1a4c700                   Options.target_file_size_base: 67108864
2020/03/07-12:40:37.879777 7fdfc1a4c700             Options.target_file_size_multiplier: 1
2020/03/07-12:40:37.879780 7fdfc1a4c700                Options.max_bytes_for_level_base: 268435456
2020/03/07-12:40:37.879783 7fdfc1a4c700 Options.level_compaction_dynamic_level_bytes: 0
2020/03/07-12:40:37.879787 7fdfc1a4c700          Options.max_bytes_for_level_multiplier: 10.000000
2020/03/07-12:40:37.879791 7fdfc1a4c700 Options.max_bytes_for_level_multiplier_addtl[0]: 1
2020/03/07-12:40:37.879794 7fdfc1a4c700 Options.max_bytes_for_level_multiplier_addtl[1]: 1
2020/03/07-12:40:37.879797 7fdfc1a4c700 Options.max_bytes_for_level_multiplier_addtl[2]: 1
2020/03/07-12:40:37.879800 7fdfc1a4c700 Options.max_bytes_for_level_multiplier_addtl[3]: 1
2020/03/07-12:40:37.879803 7fdfc1a4c700 Options.max_bytes_for_level_multiplier_addtl[4]: 1
2020/03/07-12:40:37.879806 7fdfc1a4c700 Options.max_bytes_for_level_multiplier_addtl[5]: 1
2020/03/07-12:40:37.879809 7fdfc1a4c700 Options.max_bytes_for_level_multiplier_addtl[6]: 1
2020/03/07-12:40:37.879813 7fdfc1a4c700       Options.max_sequential_skip_in_iterations: 8
2020/03/07-12:40:37.879816 7fdfc1a4c700                    Options.max_compaction_bytes: 1677721600
2020/03/07-12:40:37.879819 7fdfc1a4c700                        Options.arena_block_size: 262144
2020/03/07-12:40:37.879822 7fdfc1a4c700   Options.soft_pending_compaction_bytes_limit: 68719476736
2020/03/07-12:40:37.879825 7fdfc1a4c700   Options.hard_pending_compaction_bytes_limit: 274877906944
2020/03/07-12:40:37.879828 7fdfc1a4c700       Options.rate_limit_delay_max_milliseconds: 100
2020/03/07-12:40:37.879831 7fdfc1a4c700                Options.disable_auto_compactions: 0
2020/03/07-12:40:37.879834 7fdfc1a4c700                        Options.compaction_style: kCompactionStyleLevel
2020/03/07-12:40:37.879838 7fdfc1a4c700                          Options.compaction_pri: kMinOverlappingRatio
2020/03/07-12:40:37.879841 7fdfc1a4c700 Options.compaction_options_universal.size_ratio: 1
2020/03/07-12:40:37.879844 7fdfc1a4c700 Options.compaction_options_universal.min_merge_width: 2
2020/03/07-12:40:37.879847 7fdfc1a4c700 Options.compaction_options_universal.max_merge_width: 4294967295
2020/03/07-12:40:37.879850 7fdfc1a4c700 Options.compaction_options_universal.max_size_amplification_percent: 200
2020/03/07-12:40:37.879853 7fdfc1a4c700 Options.compaction_options_universal.compression_size_percent: -1
2020/03/07-12:40:37.879856 7fdfc1a4c700 Options.compaction_options_universal.stop_style: kCompactionStopStyleTotalSize
2020/03/07-12:40:37.879859 7fdfc1a4c700 Options.compaction_options_fifo.max_table_files_size: 1073741824
2020/03/07-12:40:37.879863 7fdfc1a4c700 Options.compaction_options_fifo.allow_compaction: 0
2020/03/07-12:40:37.879866 7fdfc1a4c700                   Options.table_properties_collectors: 
2020/03/07-12:40:37.879869 7fdfc1a4c700                   Options.inplace_update_support: 0
2020/03/07-12:40:37.879871 7fdfc1a4c700                 Options.inplace_update_num_locks: 10000
2020/03/07-12:40:37.879875 7fdfc1a4c700               Options.memtable_prefix_bloom_size_ratio: 0.000000
2020/03/07-12:40:37.879878 7fdfc1a4c700               Options.memtable_whole_key_filtering: 0
2020/03/07-12:40:37.879881 7fdfc1a4c700   Options.memtable_huge_page_size: 0
2020/03/07-12:40:37.879884 7fdfc1a4c700                           Options.bloom_locality: 0
2020/03/07-12:40:37.879886 7fdfc1a4c700                    Options.max_successive_merges: 0
2020/03/07-12:40:37.879889 7fdfc1a4c700                Options.optimize_filters_for_hits: 0
2020/03/07-12:40:37.879892 7fdfc1a4c700                Options.paranoid_file_checks: 0
2020/03/07-12:40:37.879895 7fdfc1a4c700                Options.force_consistency_checks: 0
2020/03/07-12:40:37.879904 7fdfc1a4c700                Options.report_bg_io_stats: 0
2020/03/07-12:40:37.879908 7fdfc1a4c700                               Options.ttl: 2592000
2020/03/07-12:40:37.879911 7fdfc1a4c700          Options.periodic_compaction_seconds: 0
2020/03/07-12:40:37.879961 7fdfc1a4c700 [lumn_family.cc:550] --------------- Options for column family [transaction]:
2020/03/07-12:40:37.879965 7fdfc1a4c700               Options.comparator: leveldb.BytewiseComparator
2020/03/07-12:40:37.879968 7fdfc1a4c700           Options.merge_operator: StringAppendOperator
2020/03/07-12:40:37.879972 7fdfc1a4c700        Options.compaction_filter: None
2020/03/07-12:40:37.879975 7fdfc1a4c700        Options.compaction_filter_factory: None
2020/03/07-12:40:37.879978 7fdfc1a4c700         Options.memtable_factory: SkipListFactory
2020/03/07-12:40:37.879981 7fdfc1a4c700            Options.table_factory: BlockBasedTable
2020/03/07-12:40:37.880028 7fdfc1a4c700            table_factory options:   flush_block_policy_factory: FlushBlockBySizePolicyFactory (0x7fdfb8ab7f40)
  cache_index_and_filter_blocks: 0
  cache_index_and_filter_blocks_with_high_priority: 0
  pin_l0_filter_and_index_blocks_in_cache: 0
  pin_top_level_index_and_filter: 1
  index_type: 0
  data_block_index_type: 0
  index_shortening: 1
  data_block_hash_table_util_ratio: 0.750000
  hash_index_allow_collision: 1
  checksum: 1
  no_block_cache: 0
  block_cache: 0x7fdfb8a9f010
  block_cache_name: LRUCache
  block_cache_options:
    capacity : 102400000
    num_shard_bits : 2
    strict_capacity_limit : 0
    memory_allocator : None
    high_pri_pool_ratio: 0.000
  block_cache_compressed: 0x7fdfb8a99830
  block_cache_name: LRUCache
  block_cache_compressed_options:
    capacity : 32768
    num_shard_bits : 10
    strict_capacity_limit : 0
    memory_allocator : None
    high_pri_pool_ratio: 0.000
  persistent_cache: (nil)
  block_size: 4096
  block_size_deviation: 10
  block_restart_interval: 16
  index_block_restart_interval: 1
  metadata_block_size: 4096
  partition_filters: 0
  use_delta_encoding: 1
  filter_policy: rocksdb.BuiltinBloomFilter
  whole_key_filtering: 1
  verify_compression: 1
  read_amp_bytes_per_bit: 0
  format_version: 2
  enable_index_compression: 1
  block_align: 0
2020/03/07-12:40:37.880040 7fdfc1a4c700        Options.write_buffer_size: 2097152
2020/03/07-12:40:37.880043 7fdfc1a4c700  Options.max_write_buffer_number: 2
2020/03/07-12:40:37.880046 7fdfc1a4c700          Options.compression: Snappy
2020/03/07-12:40:37.880049 7fdfc1a4c700                  Options.bottommost_compression: Disabled
2020/03/07-12:40:37.880052 7fdfc1a4c700       Options.prefix_extractor: nullptr
2020/03/07-12:40:37.880054 7fdfc1a4c700   Options.memtable_insert_with_hint_prefix_extractor: nullptr
2020/03/07-12:40:37.880057 7fdfc1a4c700             Options.num_levels: 7
2020/03/07-12:40:37.880060 7fdfc1a4c700        Options.min_write_buffer_number_to_merge: 1
2020/03/07-12:40:37.880063 7fdfc1a4c700     Options.max_write_buffer_number_to_maintain: 0
2020/03/07-12:40:37.880066 7fdfc1a4c700     Options.max_write_buffer_size_to_maintain: 0
2020/03/07-12:40:37.880069 7fdfc1a4c700            Options.bottommost_compression_opts.window_bits: -14
2020/03/07-12:40:37.880072 7fdfc1a4c700                  Options.bottommost_compression_opts.level: 32767
2020/03/07-12:40:37.880075 7fdfc1a4c700               Options.bottommost_compression_opts.strategy: 0
2020/03/07-12:40:37.880078 7fdfc1a4c700         Options.bottommost_compression_opts.max_dict_bytes: 0
2020/03/07-12:40:37.880080 7fdfc1a4c700         Options.bottommost_compression_opts.zstd_max_train_bytes: 0
2020/03/07-12:40:37.880083 7fdfc1a4c700                  Options.bottommost_compression_opts.enabled: false
2020/03/07-12:40:37.880087 7fdfc1a4c700            Options.compression_opts.window_bits: -14
2020/03/07-12:40:37.880090 7fdfc1a4c700                  Options.compression_opts.level: 32767
2020/03/07-12:40:37.880093 7fdfc1a4c700               Options.compression_opts.strategy: 0
2020/03/07-12:40:37.880105 7fdfc1a4c700         Options.compression_opts.max_dict_bytes: 0
2020/03/07-12:40:37.880108 7fdfc1a4c700         Options.compression_opts.zstd_max_train_bytes: 0
2020/03/07-12:40:37.880111 7fdfc1a4c700                  Options.compression_opts.enabled: false
2020/03/07-12:40:37.880115 7fdfc1a4c700      Options.level0_file_num_compaction_trigger: 4
2020/03/07-12:40:37.880117 7fdfc1a4c700          Options.level0_slowdown_writes_trigger: 20
2020/03/07-12:40:37.880120 7fdfc1a4c700              Options.level0_stop_writes_trigger: 36
2020/03/07-12:40:37.880123 7fdfc1a4c700                   Options.target_file_size_base: 67108864
2020/03/07-12:40:37.880126 7fdfc1a4c700             Options.target_file_size_multiplier: 1
2020/03/07-12:40:37.880129 7fdfc1a4c700                Options.max_bytes_for_level_base: 268435456
2020/03/07-12:40:37.880132 7fdfc1a4c700 Options.level_compaction_dynamic_level_bytes: 0
2020/03/07-12:40:37.880135 7fdfc1a4c700          Options.max_bytes_for_level_multiplier: 10.000000
2020/03/07-12:40:37.880139 7fdfc1a4c700 Options.max_bytes_for_level_multiplier_addtl[0]: 1
2020/03/07-12:40:37.880142 7fdfc1a4c700 Options.max_bytes_for_level_multiplier_addtl[1]: 1
2020/03/07-12:40:37.880145 7fdfc1a4c700 Options.max_bytes_for_level_multiplier_addtl[2]: 1
2020/03/07-12:40:37.880148 7fdfc1a4c700 Options.max_bytes_for_level_multiplier_addtl[3]: 1
2020/03/07-12:40:37.880151 7fdfc1a4c700 Options.max_bytes_for_level_multiplier_addtl[4]: 1
2020/03/07-12:40:37.880154 7fdfc1a4c700 Options.max_bytes_for_level_multiplier_addtl[5]: 1
2020/03/07-12:40:37.880157 7fdfc1a4c700 Options.max_bytes_for_level_multiplier_addtl[6]: 1
2020/03/07-12:40:37.880160 7fdfc1a4c700       Options.max_sequential_skip_in_iterations: 8
2020/03/07-12:40:37.880162 7fdfc1a4c700                    Options.max_compaction_bytes: 1677721600
2020/03/07-12:40:37.880165 7fdfc1a4c700                        Options.arena_block_size: 262144
2020/03/07-12:40:37.880168 7fdfc1a4c700   Options.soft_pending_compaction_bytes_limit: 68719476736
2020/03/07-12:40:37.880171 7fdfc1a4c700   Options.hard_pending_compaction_bytes_limit: 274877906944
2020/03/07-12:40:37.880174 7fdfc1a4c700       Options.rate_limit_delay_max_milliseconds: 100
2020/03/07-12:40:37.880177 7fdfc1a4c700                Options.disable_auto_compactions: 0
2020/03/07-12:40:37.880180 7fdfc1a4c700                        Options.compaction_style: kCompactionStyleLevel
2020/03/07-12:40:37.880183 7fdfc1a4c700                          Options.compaction_pri: kMinOverlappingRatio
2020/03/07-12:40:37.880186 7fdfc1a4c700 Options.compaction_options_universal.size_ratio: 1
2020/03/07-12:40:37.880189 7fdfc1a4c700 Options.compaction_options_universal.min_merge_width: 2
2020/03/07-12:40:37.880192 7fdfc1a4c700 Options.compaction_options_universal.max_merge_width: 4294967295
2020/03/07-12:40:37.880195 7fdfc1a4c700 Options.compaction_options_universal.max_size_amplification_percent: 200
2020/03/07-12:40:37.880198 7fdfc1a4c700 Options.compaction_options_universal.compression_size_percent: -1
2020/03/07-12:40:37.880201 7fdfc1a4c700 Options.compaction_options_universal.stop_style: kCompactionStopStyleTotalSize
2020/03/07-12:40:37.880204 7fdfc1a4c700 Options.compaction_options_fifo.max_table_files_size: 1073741824
2020/03/07-12:40:37.880207 7fdfc1a4c700 Options.compaction_options_fifo.allow_compaction: 0
2020/03/07-12:40:37.880211 7fdfc1a4c700                   Options.table_properties_collectors: 
2020/03/07-12:40:37.880213 7fdfc1a4c700                   Options.inplace_update_support: 0
2020/03/07-12:40:37.880216 7fdfc1a4c700                 Options.inplace_update_num_locks: 10000
2020/03/07-12:40:37.880220 7fdfc1a4c700               Options.memtable_prefix_bloom_size_ratio: 0.000000
2020/03/07-12:40:37.880223 7fdfc1a4c700               Options.memtable_whole_key_filtering: 0
2020/03/07-12:40:37.880226 7fdfc1a4c700   Options.memtable_huge_page_size: 0
2020/03/07-12:40:37.880229 7fdfc1a4c700                           Options.bloom_locality: 0
2020/03/07-12:40:37.880231 7fdfc1a4c700                    Options.max_successive_merges: 0
2020/03/07-12:40:37.880241 7fdfc1a4c700                Options.optimize_filters_for_hits: 0
2020/03/07-12:40:37.880244 7fdfc1a4c700                Options.paranoid_file_checks: 0
2020/03/07-12:40:37.880246 7fdfc1a4c700                Options.force_consistency_checks: 0
2020/03/07-12:40:37.880249 7fdfc1a4c700                Options.report_bg_io_stats: 0
2020/03/07-12:40:37.880252 7fdfc1a4c700                               Options.ttl: 2592000
2020/03/07-12:40:37.880255 7fdfc1a4c700          Options.periodic_compaction_seconds: 0
2020/03/07-12:40:37.880288 7fdfc1a4c700 [lumn_family.cc:550] --------------- Options for column family [milestone]:
2020/03/07-12:40:37.880292 7fdfc1a4c700               Options.comparator: leveldb.BytewiseComparator
2020/03/07-12:40:37.880296 7fdfc1a4c700           Options.merge_operator: StringAppendOperator
2020/03/07-12:40:37.880299 7fdfc1a4c700        Options.compaction_filter: None
2020/03/07-12:40:37.880302 7fdfc1a4c700        Options.compaction_filter_factory: None
2020/03/07-12:40:37.880305 7fdfc1a4c700         Options.memtable_factory: SkipListFactory
2020/03/07-12:40:37.880308 7fdfc1a4c700            Options.table_factory: BlockBasedTable
2020/03/07-12:40:37.880354 7fdfc1a4c700            table_factory options:   flush_block_policy_factory: FlushBlockBySizePolicyFactory (0x7fdfb8ab7f40)
  cache_index_and_filter_blocks: 0
  cache_index_and_filter_blocks_with_high_priority: 0
  pin_l0_filter_and_index_blocks_in_cache: 0
  pin_top_level_index_and_filter: 1
  index_type: 0
  data_block_index_type: 0
  index_shortening: 1
  data_block_hash_table_util_ratio: 0.750000
  hash_index_allow_collision: 1
  checksum: 1
  no_block_cache: 0
  block_cache: 0x7fdfb8a9f010
  block_cache_name: LRUCache
  block_cache_options:
    capacity : 102400000
    num_shard_bits : 2
    strict_capacity_limit : 0
    memory_allocator : None
    high_pri_pool_ratio: 0.000
  block_cache_compressed: 0x7fdfb8a99830
  block_cache_name: LRUCache
  block_cache_compressed_options:
    capacity : 32768
    num_shard_bits : 10
    strict_capacity_limit : 0
    memory_allocator : None
    high_pri_pool_ratio: 0.000
  persistent_cache: (nil)
  block_size: 4096
  block_size_deviation: 10
  block_restart_interval: 16
  index_block_restart_interval: 1
  metadata_block_size: 4096
  partition_filters: 0
  use_delta_encoding: 1
  filter_policy: rocksdb.BuiltinBloomFilter
  whole_key_filtering: 1
  verify_compression: 1
  read_amp_bytes_per_bit: 0
  format_version: 2
  enable_index_compression: 1
  block_align: 0
2020/03/07-12:40:37.880365 7fdfc1a4c700        Options.write_buffer_size: 2097152
2020/03/07-12:40:37.880368 7fdfc1a4c700  Options.max_write_buffer_number: 2
2020/03/07-12:40:37.880371 7fdfc1a4c700          Options.compression: Snappy
2020/03/07-12:40:37.880374 7fdfc1a4c700                  Options.bottommost_compression: Disabled
2020/03/07-12:40:37.880377 7fdfc1a4c700       Options.prefix_extractor: nullptr
2020/03/07-12:40:37.880380 7fdfc1a4c700   Options.memtable_insert_with_hint_prefix_extractor: nullptr
2020/03/07-12:40:37.880383 7fdfc1a4c700             Options.num_levels: 7
2020/03/07-12:40:37.880386 7fdfc1a4c700        Options.min_write_buffer_number_to_merge: 1
2020/03/07-12:40:37.880389 7fdfc1a4c700     Options.max_write_buffer_number_to_maintain: 0
2020/03/07-12:40:37.880391 7fdfc1a4c700     Options.max_write_buffer_size_to_maintain: 0
2020/03/07-12:40:37.880395 7fdfc1a4c700            Options.bottommost_compression_opts.window_bits: -14
2020/03/07-12:40:37.880397 7fdfc1a4c700                  Options.bottommost_compression_opts.level: 32767
2020/03/07-12:40:37.880400 7fdfc1a4c700               Options.bottommost_compression_opts.strategy: 0
2020/03/07-12:40:37.880403 7fdfc1a4c700         Options.bottommost_compression_opts.max_dict_bytes: 0
2020/03/07-12:40:37.880406 7fdfc1a4c700         Options.bottommost_compression_opts.zstd_max_train_bytes: 0
2020/03/07-12:40:37.880409 7fdfc1a4c700                  Options.bottommost_compression_opts.enabled: false
2020/03/07-12:40:37.880412 7fdfc1a4c700            Options.compression_opts.window_bits: -14
2020/03/07-12:40:37.880422 7fdfc1a4c700                  Options.compression_opts.level: 32767
2020/03/07-12:40:37.880425 7fdfc1a4c700               Options.compression_opts.strategy: 0
2020/03/07-12:40:37.880428 7fdfc1a4c700         Options.compression_opts.max_dict_bytes: 0
2020/03/07-12:40:37.880431 7fdfc1a4c700         Options.compression_opts.zstd_max_train_bytes: 0
2020/03/07-12:40:37.880434 7fdfc1a4c700                  Options.compression_opts.enabled: false
2020/03/07-12:40:37.880436 7fdfc1a4c700      Options.level0_file_num_compaction_trigger: 4
2020/03/07-12:40:37.880439 7fdfc1a4c700          Options.level0_slowdown_writes_trigger: 20
2020/03/07-12:40:37.880442 7fdfc1a4c700              Options.level0_stop_writes_trigger: 36
2020/03/07-12:40:37.880445 7fdfc1a4c700                   Options.target_file_size_base: 67108864
2020/03/07-12:40:37.880448 7fdfc1a4c700             Options.target_file_size_multiplier: 1
2020/03/07-12:40:37.880451 7fdfc1a4c700                Options.max_bytes_for_level_base: 268435456
2020/03/07-12:40:37.880453 7fdfc1a4c700 Options.level_compaction_dynamic_level_bytes: 0
2020/03/07-12:40:37.880457 7fdfc1a4c700          Options.max_bytes_for_level_multiplier: 10.000000
2020/03/07-12:40:37.880460 7fdfc1a4c700 Options.max_bytes_for_level_multiplier_addtl[0]: 1
2020/03/07-12:40:37.880463 7fdfc1a4c700 Options.max_bytes_for_level_multiplier_addtl[1]: 1
2020/03/07-12:40:37.880466 7fdfc1a4c700 Options.max_bytes_for_level_multiplier_addtl[2]: 1
2020/03/07-12:40:37.880469 7fdfc1a4c700 Options.max_bytes_for_level_multiplier_addtl[3]: 1
2020/03/07-12:40:37.880472 7fdfc1a4c700 Options.max_bytes_for_level_multiplier_addtl[4]: 1
2020/03/07-12:40:37.880475 7fdfc1a4c700 Options.max_bytes_for_level_multiplier_addtl[5]: 1
2020/03/07-12:40:37.880478 7fdfc1a4c700 Options.max_bytes_for_level_multiplier_addtl[6]: 1
2020/03/07-12:40:37.880481 7fdfc1a4c700       Options.max_sequential_skip_in_iterations: 8
2020/03/07-12:40:37.880484 7fdfc1a4c700                    Options.max_compaction_bytes: 1677721600
2020/03/07-12:40:37.880487 7fdfc1a4c700                        Options.arena_block_size: 262144
2020/03/07-12:40:37.880490 7fdfc1a4c700   Options.soft_pending_compaction_bytes_limit: 68719476736
2020/03/07-12:40:37.880493 7fdfc1a4c700   Options.hard_pending_compaction_bytes_limit: 274877906944
2020/03/07-12:40:37.880496 7fdfc1a4c700       Options.rate_limit_delay_max_milliseconds: 100
2020/03/07-12:40:37.880509 7fdfc1a4c700                Options.disable_auto_compactions: 0
2020/03/07-12:40:37.880512 7fdfc1a4c700                        Options.compaction_style: kCompactionStyleLevel
2020/03/07-12:40:37.880515 7fdfc1a4c700                          Options.compaction_pri: kMinOverlappingRatio
2020/03/07-12:40:37.880518 7fdfc1a4c700 Options.compaction_options_universal.size_ratio: 1
2020/03/07-12:40:37.880521 7fdfc1a4c700 Options.compaction_options_universal.min_merge_width: 2
2020/03/07-12:40:37.880524 7fdfc1a4c700 Options.compaction_options_universal.max_merge_width: 4294967295
2020/03/07-12:40:37.880527 7fdfc1a4c700 Options.compaction_options_universal.max_size_amplification_percent: 200
2020/03/07-12:40:37.880530 7fdfc1a4c700 Options.compaction_options_universal.compression_size_percent: -1
2020/03/07-12:40:37.880533 7fdfc1a4c700 Options.compaction_options_universal.stop_style: kCompactionStopStyleTotalSize
2020/03/07-12:40:37.880536 7fdfc1a4c700 Options.compaction_options_fifo.max_table_files_size: 1073741824
2020/03/07-12:40:37.880539 7fdfc1a4c700 Options.compaction_options_fifo.allow_compaction: 0
2020/03/07-12:40:37.880542 7fdfc1a4c700                   Options.table_properties_collectors: 
2020/03/07-12:40:37.880545 7fdfc1a4c700                   Options.inplace_update_support: 0
2020/03/07-12:40:37.880547 7fdfc1a4c700                 Options.inplace_update_num_locks: 10000
2020/03/07-12:40:37.880551 7fdfc1a4c700               Options.memtable_prefix_bloom_size_ratio: 0.000000
2020/03/07-12:40:37.880554 7fdfc1a4c700               Options.memtable_whole_key_filtering: 0
2020/03/07-12:40:37.880568 7fdfc1a4c700   Options.memtable_huge_page_size: 0
2020/03/07-12:40:37.880571 7fdfc1a4c700                           Options.bloom_locality: 0
2020/03/07-12:40:37.880573 7fdfc1a4c700                    Options.max_successive_merges: 0
2020/03/07-12:40:37.880576 7fdfc1a4c700                Options.optimize_filters_for_hits: 0
2020/03/07-12:40:37.880579 7fdfc1a4c700                Options.paranoid_file_checks: 0
2020/03/07-12:40:37.880582 7fdfc1a4c700                Options.force_consistency_checks: 0
2020/03/07-12:40:37.880585 7fdfc1a4c700                Options.report_bg_io_stats: 0
2020/03/07-12:40:37.880588 7fdfc1a4c700                               Options.ttl: 2592000
2020/03/07-12:40:37.880590 7fdfc1a4c700          Options.periodic_compaction_seconds: 0
2020/03/07-12:40:37.880655 7fdfc1a4c700 [lumn_family.cc:550] --------------- Options for column family [stateDiff]:
2020/03/07-12:40:37.880658 7fdfc1a4c700               Options.comparator: leveldb.BytewiseComparator
2020/03/07-12:40:37.880662 7fdfc1a4c700           Options.merge_operator: StringAppendOperator
2020/03/07-12:40:37.880665 7fdfc1a4c700        Options.compaction_filter: None
2020/03/07-12:40:37.880668 7fdfc1a4c700        Options.compaction_filter_factory: None
2020/03/07-12:40:37.880671 7fdfc1a4c700         Options.memtable_factory: SkipListFactory
2020/03/07-12:40:37.880674 7fdfc1a4c700            Options.table_factory: BlockBasedTable
2020/03/07-12:40:37.880721 7fdfc1a4c700            table_factory options:   flush_block_policy_factory: FlushBlockBySizePolicyFactory (0x7fdfb8ab7f40)
  cache_index_and_filter_blocks: 0
  cache_index_and_filter_blocks_with_high_priority: 0
  pin_l0_filter_and_index_blocks_in_cache: 0
  pin_top_level_index_and_filter: 1
  index_type: 0
  data_block_index_type: 0
  index_shortening: 1
  data_block_hash_table_util_ratio: 0.750000
  hash_index_allow_collision: 1
  checksum: 1
  no_block_cache: 0
  block_cache: 0x7fdfb8a9f010
  block_cache_name: LRUCache
  block_cache_options:
    capacity : 102400000
    num_shard_bits : 2
    strict_capacity_limit : 0
    memory_allocator : None
    high_pri_pool_ratio: 0.000
  block_cache_compressed: 0x7fdfb8a99830
  block_cache_name: LRUCache
  block_cache_compressed_options:
    capacity : 32768
    num_shard_bits : 10
    strict_capacity_limit : 0
    memory_allocator : None
    high_pri_pool_ratio: 0.000
  persistent_cache: (nil)
  block_size: 4096
  block_size_deviation: 10
  block_restart_interval: 16
  index_block_restart_interval: 1
  metadata_block_size: 4096
  partition_filters: 0
  use_delta_encoding: 1
  filter_policy: rocksdb.BuiltinBloomFilter
  whole_key_filtering: 1
  verify_compression: 1
  read_amp_bytes_per_bit: 0
  format_version: 2
  enable_index_compression: 1
  block_align: 0
2020/03/07-12:40:37.880732 7fdfc1a4c700        Options.write_buffer_size: 2097152
2020/03/07-12:40:37.880735 7fdfc1a4c700  Options.max_write_buffer_number: 2
2020/03/07-12:40:37.880738 7fdfc1a4c700          Options.compression: Snappy
2020/03/07-12:40:37.880741 7fdfc1a4c700                  Options.bottommost_compression: Disabled
2020/03/07-12:40:37.880744 7fdfc1a4c700       Options.prefix_extractor: nullptr
2020/03/07-12:40:37.880747 7fdfc1a4c700   Options.memtable_insert_with_hint_prefix_extractor: nullptr
2020/03/07-12:40:37.880750 7fdfc1a4c700             Options.num_levels: 7
2020/03/07-12:40:37.880752 7fdfc1a4c700        Options.min_write_buffer_number_to_merge: 1
2020/03/07-12:40:37.880755 7fdfc1a4c700     Options.max_write_buffer_number_to_maintain: 0
2020/03/07-12:40:37.880758 7fdfc1a4c700     Options.max_write_buffer_size_to_maintain: 0
2020/03/07-12:40:37.880761 7fdfc1a4c700            Options.bottommost_compression_opts.window_bits: -14
2020/03/07-12:40:37.880764 7fdfc1a4c700                  Options.bottommost_compression_opts.level: 32767
2020/03/07-12:40:37.880767 7fdfc1a4c700               Options.bottommost_compression_opts.strategy: 0
2020/03/07-12:40:37.880770 7fdfc1a4c700         Options.bottommost_compression_opts.max_dict_bytes: 0
2020/03/07-12:40:37.880780 7fdfc1a4c700         Options.bottommost_compression_opts.zstd_max_train_bytes: 0
2020/03/07-12:40:37.880784 7fdfc1a4c700                  Options.bottommost_compression_opts.enabled: false
2020/03/07-12:40:37.880786 7fdfc1a4c700            Options.compression_opts.window_bits: -14
2020/03/07-12:40:37.880789 7fdfc1a4c700                  Options.compression_opts.level: 32767
2020/03/07-12:40:37.880792 7fdfc1a4c700               Options.compression_opts.strategy: 0
2020/03/07-12:40:37.880795 7fdfc1a4c700         Options.compression_opts.max_dict_bytes: 0
2020/03/07-12:40:37.880798 7fdfc1a4c700         Options.compression_opts.zstd_max_train_bytes: 0
2020/03/07-12:40:37.880800 7fdfc1a4c700                  Options.compression_opts.enabled: false
2020/03/07-12:40:37.880803 7fdfc1a4c700      Options.level0_file_num_compaction_trigger: 4
2020/03/07-12:40:37.880806 7fdfc1a4c700          Options.level0_slowdown_writes_trigger: 20
2020/03/07-12:40:37.880809 7fdfc1a4c700              Options.level0_stop_writes_trigger: 36
2020/03/07-12:40:37.880812 7fdfc1a4c700                   Options.target_file_size_base: 67108864
2020/03/07-12:40:37.880814 7fdfc1a4c700             Options.target_file_size_multiplier: 1
2020/03/07-12:40:37.880817 7fdfc1a4c700                Options.max_bytes_for_level_base: 268435456
2020/03/07-12:40:37.880820 7fdfc1a4c700 Options.level_compaction_dynamic_level_bytes: 0
2020/03/07-12:40:37.880824 7fdfc1a4c700          Options.max_bytes_for_level_multiplier: 10.000000
2020/03/07-12:40:37.880827 7fdfc1a4c700 Options.max_bytes_for_level_multiplier_addtl[0]: 1
2020/03/07-12:40:37.880830 7fdfc1a4c700 Options.max_bytes_for_level_multiplier_addtl[1]: 1
2020/03/07-12:40:37.880833 7fdfc1a4c700 Options.max_bytes_for_level_multiplier_addtl[2]: 1
2020/03/07-12:40:37.880836 7fdfc1a4c700 Options.max_bytes_for_level_multiplier_addtl[3]: 1
2020/03/07-12:40:37.880839 7fdfc1a4c700 Options.max_bytes_for_level_multiplier_addtl[4]: 1
2020/03/07-12:40:37.880842 7fdfc1a4c700 Options.max_bytes_for_level_multiplier_addtl[5]: 1
2020/03/07-12:40:37.880845 7fdfc1a4c700 Options.max_bytes_for_level_multiplier_addtl[6]: 1
2020/03/07-12:40:37.880848 7fdfc1a4c700       Options.max_sequential_skip_in_iterations: 8
2020/03/07-12:40:37.880851 7fdfc1a4c700                    Options.max_compaction_bytes: 1677721600
2020/03/07-12:40:37.880854 7fdfc1a4c700                        Options.arena_block_size: 262144
2020/03/07-12:40:37.880857 7fdfc1a4c700   Options.soft_pending_compaction_bytes_limit: 68719476736
2020/03/07-12:40:37.880860 7fdfc1a4c700   Options.hard_pending_compaction_bytes_limit: 274877906944
2020/03/07-12:40:37.880863 7fdfc1a4c700       Options.rate_limit_delay_max_milliseconds: 100
2020/03/07-12:40:37.880866 7fdfc1a4c700                Options.disable_auto_compactions: 0
2020/03/07-12:40:37.880869 7fdfc1a4c700                        Options.compaction_style: kCompactionStyleLevel
