2020/03/09-19:55:18.335043 7f0f823da700 RocksDB version: 6.6.4
2020/03/09-19:55:18.335082 7f0f823da700 Git sha rocksdb_build_git_sha:
2020/03/09-19:55:18.335085 7f0f823da700 Compile date Feb 12 2020
2020/03/09-19:55:18.335087 7f0f823da700 DB SUMMARY
2020/03/09-19:55:18.335295 7f0f823da700 CURRENT file:  CURRENT
2020/03/09-19:55:18.335297 7f0f823da700 IDENTITY file:  IDENTITY
2020/03/09-19:55:18.335312 7f0f823da700 MANIFEST file:  MANIFEST-001139 size: 6887 Bytes
2020/03/09-19:55:18.335316 7f0f823da700 SST files in testnetdb dir, Total Num: 87, files: 000049.sst 000077.sst 000087.sst 000097.sst 000117.sst 000144.sst 000157.sst 000171.sst 000190.sst 
2020/03/09-19:55:18.335319 7f0f823da700 Write Ahead Log file in testnetdb: 001140.log size: 26036 ; 
2020/03/09-19:55:18.335330 7f0f823da700                         Options.error_if_exists: 0
2020/03/09-19:55:18.335331 7f0f823da700                       Options.create_if_missing: 1
2020/03/09-19:55:18.335333 7f0f823da700                         Options.paranoid_checks: 1
2020/03/09-19:55:18.335335 7f0f823da700                                     Options.env: 0x7f0ec97ce020
2020/03/09-19:55:18.335337 7f0f823da700                                Options.info_log: 0x7f0f7cbb2460
2020/03/09-19:55:18.335339 7f0f823da700                Options.max_file_opening_threads: 16
2020/03/09-19:55:18.335340 7f0f823da700                              Options.statistics: (nil)
2020/03/09-19:55:18.335342 7f0f823da700                               Options.use_fsync: 0
2020/03/09-19:55:18.335344 7f0f823da700                       Options.max_log_file_size: 1048576
2020/03/09-19:55:18.335346 7f0f823da700                  Options.max_manifest_file_size: 1048576
2020/03/09-19:55:18.335347 7f0f823da700                   Options.log_file_time_to_roll: 0
2020/03/09-19:55:18.335349 7f0f823da700                       Options.keep_log_file_num: 1000
2020/03/09-19:55:18.335351 7f0f823da700                    Options.recycle_log_file_num: 0
2020/03/09-19:55:18.335352 7f0f823da700                         Options.allow_fallocate: 1
2020/03/09-19:55:18.335354 7f0f823da700                        Options.allow_mmap_reads: 0
2020/03/09-19:55:18.335356 7f0f823da700                       Options.allow_mmap_writes: 0
2020/03/09-19:55:18.335357 7f0f823da700                        Options.use_direct_reads: 0
2020/03/09-19:55:18.335359 7f0f823da700                        Options.use_direct_io_for_flush_and_compaction: 0
2020/03/09-19:55:18.335361 7f0f823da700          Options.create_missing_column_families: 1
2020/03/09-19:55:18.335363 7f0f823da700                              Options.db_log_dir: 
2020/03/09-19:55:18.335364 7f0f823da700                                 Options.wal_dir: testnetdb
2020/03/09-19:55:18.335366 7f0f823da700                Options.table_cache_numshardbits: 6
2020/03/09-19:55:18.335368 7f0f823da700                      Options.max_subcompactions: 30
2020/03/09-19:55:18.335370 7f0f823da700                  Options.max_background_flushes: -1
2020/03/09-19:55:18.335371 7f0f823da700                         Options.WAL_ttl_seconds: 0
2020/03/09-19:55:18.335373 7f0f823da700                       Options.WAL_size_limit_MB: 0
2020/03/09-19:55:18.335375 7f0f823da700                        Options.max_write_batch_group_size_bytes: 1048576
2020/03/09-19:55:18.335377 7f0f823da700             Options.manifest_preallocation_size: 4194304
2020/03/09-19:55:18.335378 7f0f823da700                     Options.is_fd_close_on_exec: 1
2020/03/09-19:55:18.335380 7f0f823da700                   Options.advise_random_on_open: 1
2020/03/09-19:55:18.335381 7f0f823da700                    Options.db_write_buffer_size: 0
2020/03/09-19:55:18.335383 7f0f823da700                    Options.write_buffer_manager: 0x7f0f7cbbfa40
2020/03/09-19:55:18.335385 7f0f823da700         Options.access_hint_on_compaction_start: 1
2020/03/09-19:55:18.335386 7f0f823da700  Options.new_table_reader_for_compaction_inputs: 0
2020/03/09-19:55:18.335388 7f0f823da700           Options.random_access_max_buffer_size: 1048576
2020/03/09-19:55:18.335390 7f0f823da700                      Options.use_adaptive_mutex: 0
2020/03/09-19:55:18.335391 7f0f823da700                            Options.rate_limiter: (nil)
2020/03/09-19:55:18.335403 7f0f823da700     Options.sst_file_manager.rate_bytes_per_sec: 0
2020/03/09-19:55:18.335405 7f0f823da700                       Options.wal_recovery_mode: 2
2020/03/09-19:55:18.335407 7f0f823da700                  Options.enable_thread_tracking: 0
2020/03/09-19:55:18.335409 7f0f823da700                  Options.enable_pipelined_write: 0
2020/03/09-19:55:18.335410 7f0f823da700                  Options.unordered_write: 0
2020/03/09-19:55:18.335412 7f0f823da700         Options.allow_concurrent_memtable_write: 1
2020/03/09-19:55:18.335413 7f0f823da700      Options.enable_write_thread_adaptive_yield: 1
2020/03/09-19:55:18.335415 7f0f823da700             Options.write_thread_max_yield_usec: 100
2020/03/09-19:55:18.335417 7f0f823da700            Options.write_thread_slow_yield_usec: 3
2020/03/09-19:55:18.335418 7f0f823da700                               Options.row_cache: None
2020/03/09-19:55:18.335420 7f0f823da700                              Options.wal_filter: None
2020/03/09-19:55:18.335422 7f0f823da700             Options.avoid_flush_during_recovery: 0
2020/03/09-19:55:18.335423 7f0f823da700             Options.allow_ingest_behind: 0
2020/03/09-19:55:18.335425 7f0f823da700             Options.preserve_deletes: 0
2020/03/09-19:55:18.335427 7f0f823da700             Options.two_write_queues: 0
2020/03/09-19:55:18.335428 7f0f823da700             Options.manual_wal_flush: 0
2020/03/09-19:55:18.335430 7f0f823da700             Options.atomic_flush: 0
2020/03/09-19:55:18.335432 7f0f823da700             Options.avoid_unnecessary_blocking_io: 0
2020/03/09-19:55:18.335433 7f0f823da700                 Options.persist_stats_to_disk: 0
2020/03/09-19:55:18.335435 7f0f823da700                 Options.write_dbid_to_manifest: 0
2020/03/09-19:55:18.335436 7f0f823da700                 Options.log_readahead_size: 0
2020/03/09-19:55:18.335438 7f0f823da700             Options.max_background_jobs: 2
2020/03/09-19:55:18.335440 7f0f823da700             Options.max_background_compactions: 1
2020/03/09-19:55:18.335442 7f0f823da700             Options.avoid_flush_during_shutdown: 0
2020/03/09-19:55:18.335443 7f0f823da700           Options.writable_file_max_buffer_size: 1048576
2020/03/09-19:55:18.335445 7f0f823da700             Options.delayed_write_rate : 16777216
2020/03/09-19:55:18.335447 7f0f823da700             Options.max_total_wal_size: 0
2020/03/09-19:55:18.335449 7f0f823da700             Options.delete_obsolete_files_period_micros: 21600000000
2020/03/09-19:55:18.335450 7f0f823da700                   Options.stats_dump_period_sec: 600
2020/03/09-19:55:18.335452 7f0f823da700                 Options.stats_persist_period_sec: 600
2020/03/09-19:55:18.335454 7f0f823da700                 Options.stats_history_buffer_size: 1048576
2020/03/09-19:55:18.335456 7f0f823da700                          Options.max_open_files: 10000
2020/03/09-19:55:18.335458 7f0f823da700                          Options.bytes_per_sync: 0
2020/03/09-19:55:18.335459 7f0f823da700                      Options.wal_bytes_per_sync: 0
2020/03/09-19:55:18.335461 7f0f823da700                   Options.strict_bytes_per_sync: 0
2020/03/09-19:55:18.335463 7f0f823da700       Options.compaction_readahead_size: 0
2020/03/09-19:55:18.335464 7f0f823da700 Compression algorithms supported:
2020/03/09-19:55:18.335467 7f0f823da700 	kZSTDNotFinalCompression supported: 1
2020/03/09-19:55:18.335469 7f0f823da700 	kZSTD supported: 1
2020/03/09-19:55:18.335471 7f0f823da700 	kXpressCompression supported: 0
2020/03/09-19:55:18.335473 7f0f823da700 	kLZ4HCCompression supported: 1
2020/03/09-19:55:18.335475 7f0f823da700 	kLZ4Compression supported: 1
2020/03/09-19:55:18.335477 7f0f823da700 	kBZip2Compression supported: 1
2020/03/09-19:55:18.335479 7f0f823da700 	kZlibCompression supported: 1
2020/03/09-19:55:18.335481 7f0f823da700 	kSnappyCompression supported: 1
2020/03/09-19:55:18.335484 7f0f823da700 Fast CRC32 supported: Not supported on x86
2020/03/09-19:55:18.335602 7f0f823da700 [rsion_set.cc:4377] Recovering from manifest file: testnetdb/MANIFEST-001139
2020/03/09-19:55:18.335660 7f0f823da700 [lumn_family.cc:550] --------------- Options for column family [default]:
2020/03/09-19:55:18.335663 7f0f823da700               Options.comparator: leveldb.BytewiseComparator
2020/03/09-19:55:18.335666 7f0f823da700           Options.merge_operator: StringAppendOperator
2020/03/09-19:55:18.335668 7f0f823da700        Options.compaction_filter: None
2020/03/09-19:55:18.335670 7f0f823da700        Options.compaction_filter_factory: None
2020/03/09-19:55:18.335672 7f0f823da700         Options.memtable_factory: SkipListFactory
2020/03/09-19:55:18.335674 7f0f823da700            Options.table_factory: BlockBasedTable
2020/03/09-19:55:18.335712 7f0f823da700            table_factory options:   flush_block_policy_factory: FlushBlockBySizePolicyFactory (0x7f0f7cb372a0)
  cache_index_and_filter_blocks: 0
  cache_index_and_filter_blocks_with_high_priority: 0
  pin_l0_filter_and_index_blocks_in_cache: 0
  pin_top_level_index_and_filter: 1
  index_type: 0
  data_block_index_type: 0
  index_shortening: 1
  data_block_hash_table_util_ratio: 0.750000
  hash_index_allow_collision: 1
  checksum: 1
  no_block_cache: 0
  block_cache: 0x7f0f7cb665b0
  block_cache_name: LRUCache
  block_cache_options:
    capacity : 102400000
    num_shard_bits : 2
    strict_capacity_limit : 0
    memory_allocator : None
    high_pri_pool_ratio: 0.000
  block_cache_compressed: 0x7f0f7cb5b4c0
  block_cache_name: LRUCache
  block_cache_compressed_options:
    capacity : 32768
    num_shard_bits : 10
    strict_capacity_limit : 0
    memory_allocator : None
    high_pri_pool_ratio: 0.000
  persistent_cache: (nil)
  block_size: 4096
  block_size_deviation: 10
  block_restart_interval: 16
  index_block_restart_interval: 1
  metadata_block_size: 4096
  partition_filters: 0
  use_delta_encoding: 1
  filter_policy: rocksdb.BuiltinBloomFilter
  whole_key_filtering: 1
  verify_compression: 1
  read_amp_bytes_per_bit: 0
  format_version: 2
  enable_index_compression: 1
  block_align: 0
2020/03/09-19:55:18.335720 7f0f823da700        Options.write_buffer_size: 2097152
2020/03/09-19:55:18.335722 7f0f823da700  Options.max_write_buffer_number: 2
2020/03/09-19:55:18.335724 7f0f823da700          Options.compression: Snappy
2020/03/09-19:55:18.335726 7f0f823da700                  Options.bottommost_compression: Disabled
2020/03/09-19:55:18.335728 7f0f823da700       Options.prefix_extractor: nullptr
2020/03/09-19:55:18.335730 7f0f823da700   Options.memtable_insert_with_hint_prefix_extractor: nullptr
2020/03/09-19:55:18.335732 7f0f823da700             Options.num_levels: 7
2020/03/09-19:55:18.335733 7f0f823da700        Options.min_write_buffer_number_to_merge: 1
2020/03/09-19:55:18.335735 7f0f823da700     Options.max_write_buffer_number_to_maintain: 0
2020/03/09-19:55:18.335737 7f0f823da700     Options.max_write_buffer_size_to_maintain: 0
2020/03/09-19:55:18.335739 7f0f823da700            Options.bottommost_compression_opts.window_bits: -14
2020/03/09-19:55:18.335741 7f0f823da700                  Options.bottommost_compression_opts.level: 32767
2020/03/09-19:55:18.335742 7f0f823da700               Options.bottommost_compression_opts.strategy: 0
2020/03/09-19:55:18.335744 7f0f823da700         Options.bottommost_compression_opts.max_dict_bytes: 0
2020/03/09-19:55:18.335746 7f0f823da700         Options.bottommost_compression_opts.zstd_max_train_bytes: 0
2020/03/09-19:55:18.335748 7f0f823da700                  Options.bottommost_compression_opts.enabled: false
2020/03/09-19:55:18.335750 7f0f823da700            Options.compression_opts.window_bits: -14
2020/03/09-19:55:18.335752 7f0f823da700                  Options.compression_opts.level: 32767
2020/03/09-19:55:18.335753 7f0f823da700               Options.compression_opts.strategy: 0
2020/03/09-19:55:18.335755 7f0f823da700         Options.compression_opts.max_dict_bytes: 0
2020/03/09-19:55:18.335757 7f0f823da700         Options.compression_opts.zstd_max_train_bytes: 0
2020/03/09-19:55:18.335758 7f0f823da700                  Options.compression_opts.enabled: false
2020/03/09-19:55:18.335766 7f0f823da700      Options.level0_file_num_compaction_trigger: 4
2020/03/09-19:55:18.335768 7f0f823da700          Options.level0_slowdown_writes_trigger: 20
2020/03/09-19:55:18.335770 7f0f823da700              Options.level0_stop_writes_trigger: 36
2020/03/09-19:55:18.335771 7f0f823da700                   Options.target_file_size_base: 67108864
2020/03/09-19:55:18.335773 7f0f823da700             Options.target_file_size_multiplier: 1
2020/03/09-19:55:18.335775 7f0f823da700                Options.max_bytes_for_level_base: 268435456
2020/03/09-19:55:18.335777 7f0f823da700 Options.level_compaction_dynamic_level_bytes: 0
2020/03/09-19:55:18.335780 7f0f823da700          Options.max_bytes_for_level_multiplier: 10.000000
2020/03/09-19:55:18.335782 7f0f823da700 Options.max_bytes_for_level_multiplier_addtl[0]: 1
2020/03/09-19:55:18.335784 7f0f823da700 Options.max_bytes_for_level_multiplier_addtl[1]: 1
2020/03/09-19:55:18.335786 7f0f823da700 Options.max_bytes_for_level_multiplier_addtl[2]: 1
2020/03/09-19:55:18.335787 7f0f823da700 Options.max_bytes_for_level_multiplier_addtl[3]: 1
2020/03/09-19:55:18.335789 7f0f823da700 Options.max_bytes_for_level_multiplier_addtl[4]: 1
2020/03/09-19:55:18.335791 7f0f823da700 Options.max_bytes_for_level_multiplier_addtl[5]: 1
2020/03/09-19:55:18.335793 7f0f823da700 Options.max_bytes_for_level_multiplier_addtl[6]: 1
2020/03/09-19:55:18.335795 7f0f823da700       Options.max_sequential_skip_in_iterations: 8
2020/03/09-19:55:18.335797 7f0f823da700                    Options.max_compaction_bytes: 1677721600
2020/03/09-19:55:18.335799 7f0f823da700                        Options.arena_block_size: 262144
2020/03/09-19:55:18.335801 7f0f823da700   Options.soft_pending_compaction_bytes_limit: 68719476736
2020/03/09-19:55:18.335803 7f0f823da700   Options.hard_pending_compaction_bytes_limit: 274877906944
2020/03/09-19:55:18.335804 7f0f823da700       Options.rate_limit_delay_max_milliseconds: 100
2020/03/09-19:55:18.335806 7f0f823da700                Options.disable_auto_compactions: 0
2020/03/09-19:55:18.335808 7f0f823da700                        Options.compaction_style: kCompactionStyleLevel
2020/03/09-19:55:18.335810 7f0f823da700                          Options.compaction_pri: kMinOverlappingRatio
2020/03/09-19:55:18.335812 7f0f823da700 Options.compaction_options_universal.size_ratio: 1
2020/03/09-19:55:18.335814 7f0f823da700 Options.compaction_options_universal.min_merge_width: 2
2020/03/09-19:55:18.335816 7f0f823da700 Options.compaction_options_universal.max_merge_width: 4294967295
2020/03/09-19:55:18.335817 7f0f823da700 Options.compaction_options_universal.max_size_amplification_percent: 200
2020/03/09-19:55:18.335819 7f0f823da700 Options.compaction_options_universal.compression_size_percent: -1
2020/03/09-19:55:18.335821 7f0f823da700 Options.compaction_options_universal.stop_style: kCompactionStopStyleTotalSize
2020/03/09-19:55:18.335823 7f0f823da700 Options.compaction_options_fifo.max_table_files_size: 1073741824
2020/03/09-19:55:18.335825 7f0f823da700 Options.compaction_options_fifo.allow_compaction: 0
2020/03/09-19:55:18.335827 7f0f823da700                   Options.table_properties_collectors: 
2020/03/09-19:55:18.335829 7f0f823da700                   Options.inplace_update_support: 0
2020/03/09-19:55:18.335830 7f0f823da700                 Options.inplace_update_num_locks: 10000
2020/03/09-19:55:18.335832 7f0f823da700               Options.memtable_prefix_bloom_size_ratio: 0.000000
2020/03/09-19:55:18.335834 7f0f823da700               Options.memtable_whole_key_filtering: 0
2020/03/09-19:55:18.335836 7f0f823da700   Options.memtable_huge_page_size: 0
2020/03/09-19:55:18.335838 7f0f823da700                           Options.bloom_locality: 0
2020/03/09-19:55:18.335840 7f0f823da700                    Options.max_successive_merges: 0
2020/03/09-19:55:18.335841 7f0f823da700                Options.optimize_filters_for_hits: 0
2020/03/09-19:55:18.335843 7f0f823da700                Options.paranoid_file_checks: 0
2020/03/09-19:55:18.335845 7f0f823da700                Options.force_consistency_checks: 0
2020/03/09-19:55:18.335852 7f0f823da700                Options.report_bg_io_stats: 0
2020/03/09-19:55:18.335854 7f0f823da700                               Options.ttl: 2592000
2020/03/09-19:55:18.335855 7f0f823da700          Options.periodic_compaction_seconds: 0
2020/03/09-19:55:18.335897 7f0f823da700 [lumn_family.cc:550] --------------- Options for column family [transaction]:
2020/03/09-19:55:18.335900 7f0f823da700               Options.comparator: leveldb.BytewiseComparator
2020/03/09-19:55:18.335902 7f0f823da700           Options.merge_operator: StringAppendOperator
2020/03/09-19:55:18.335904 7f0f823da700        Options.compaction_filter: None
2020/03/09-19:55:18.335906 7f0f823da700        Options.compaction_filter_factory: None
2020/03/09-19:55:18.335919 7f0f823da700         Options.memtable_factory: SkipListFactory
2020/03/09-19:55:18.335921 7f0f823da700            Options.table_factory: BlockBasedTable
2020/03/09-19:55:18.335947 7f0f823da700            table_factory options:   flush_block_policy_factory: FlushBlockBySizePolicyFactory (0x7f0f7cb372a0)
  cache_index_and_filter_blocks: 0
  cache_index_and_filter_blocks_with_high_priority: 0
  pin_l0_filter_and_index_blocks_in_cache: 0
  pin_top_level_index_and_filter: 1
  index_type: 0
  data_block_index_type: 0
  index_shortening: 1
  data_block_hash_table_util_ratio: 0.750000
  hash_index_allow_collision: 1
  checksum: 1
  no_block_cache: 0
  block_cache: 0x7f0f7cb665b0
  block_cache_name: LRUCache
  block_cache_options:
    capacity : 102400000
    num_shard_bits : 2
    strict_capacity_limit : 0
    memory_allocator : None
    high_pri_pool_ratio: 0.000
  block_cache_compressed: 0x7f0f7cb5b4c0
  block_cache_name: LRUCache
  block_cache_compressed_options:
    capacity : 32768
    num_shard_bits : 10
    strict_capacity_limit : 0
    memory_allocator : None
    high_pri_pool_ratio: 0.000
  persistent_cache: (nil)
  block_size: 4096
  block_size_deviation: 10
  block_restart_interval: 16
  index_block_restart_interval: 1
  metadata_block_size: 4096
  partition_filters: 0
  use_delta_encoding: 1
  filter_policy: rocksdb.BuiltinBloomFilter
  whole_key_filtering: 1
  verify_compression: 1
  read_amp_bytes_per_bit: 0
  format_version: 2
  enable_index_compression: 1
  block_align: 0
2020/03/09-19:55:18.335954 7f0f823da700        Options.write_buffer_size: 2097152
2020/03/09-19:55:18.335955 7f0f823da700  Options.max_write_buffer_number: 2
2020/03/09-19:55:18.335957 7f0f823da700          Options.compression: Snappy
2020/03/09-19:55:18.335958 7f0f823da700                  Options.bottommost_compression: Disabled
2020/03/09-19:55:18.335960 7f0f823da700       Options.prefix_extractor: nullptr
2020/03/09-19:55:18.335961 7f0f823da700   Options.memtable_insert_with_hint_prefix_extractor: nullptr
2020/03/09-19:55:18.335963 7f0f823da700             Options.num_levels: 7
2020/03/09-19:55:18.335964 7f0f823da700        Options.min_write_buffer_number_to_merge: 1
2020/03/09-19:55:18.335965 7f0f823da700     Options.max_write_buffer_number_to_maintain: 0
2020/03/09-19:55:18.335967 7f0f823da700     Options.max_write_buffer_size_to_maintain: 0
2020/03/09-19:55:18.335968 7f0f823da700            Options.bottommost_compression_opts.window_bits: -14
2020/03/09-19:55:18.335970 7f0f823da700                  Options.bottommost_compression_opts.level: 32767
2020/03/09-19:55:18.335971 7f0f823da700               Options.bottommost_compression_opts.strategy: 0
2020/03/09-19:55:18.335973 7f0f823da700         Options.bottommost_compression_opts.max_dict_bytes: 0
2020/03/09-19:55:18.335974 7f0f823da700         Options.bottommost_compression_opts.zstd_max_train_bytes: 0
2020/03/09-19:55:18.335976 7f0f823da700                  Options.bottommost_compression_opts.enabled: false
2020/03/09-19:55:18.335977 7f0f823da700            Options.compression_opts.window_bits: -14
2020/03/09-19:55:18.335979 7f0f823da700                  Options.compression_opts.level: 32767
2020/03/09-19:55:18.335980 7f0f823da700               Options.compression_opts.strategy: 0
2020/03/09-19:55:18.335987 7f0f823da700         Options.compression_opts.max_dict_bytes: 0
2020/03/09-19:55:18.335988 7f0f823da700         Options.compression_opts.zstd_max_train_bytes: 0
2020/03/09-19:55:18.335990 7f0f823da700                  Options.compression_opts.enabled: false
2020/03/09-19:55:18.335991 7f0f823da700      Options.level0_file_num_compaction_trigger: 4
2020/03/09-19:55:18.335992 7f0f823da700          Options.level0_slowdown_writes_trigger: 20
2020/03/09-19:55:18.335994 7f0f823da700              Options.level0_stop_writes_trigger: 36
2020/03/09-19:55:18.335995 7f0f823da700                   Options.target_file_size_base: 67108864
2020/03/09-19:55:18.335997 7f0f823da700             Options.target_file_size_multiplier: 1
2020/03/09-19:55:18.335998 7f0f823da700                Options.max_bytes_for_level_base: 268435456
2020/03/09-19:55:18.336000 7f0f823da700 Options.level_compaction_dynamic_level_bytes: 0
2020/03/09-19:55:18.336002 7f0f823da700          Options.max_bytes_for_level_multiplier: 10.000000
2020/03/09-19:55:18.336003 7f0f823da700 Options.max_bytes_for_level_multiplier_addtl[0]: 1
2020/03/09-19:55:18.336005 7f0f823da700 Options.max_bytes_for_level_multiplier_addtl[1]: 1
2020/03/09-19:55:18.336006 7f0f823da700 Options.max_bytes_for_level_multiplier_addtl[2]: 1
2020/03/09-19:55:18.336008 7f0f823da700 Options.max_bytes_for_level_multiplier_addtl[3]: 1
2020/03/09-19:55:18.336009 7f0f823da700 Options.max_bytes_for_level_multiplier_addtl[4]: 1
2020/03/09-19:55:18.336011 7f0f823da700 Options.max_bytes_for_level_multiplier_addtl[5]: 1
2020/03/09-19:55:18.336012 7f0f823da700 Options.max_bytes_for_level_multiplier_addtl[6]: 1
2020/03/09-19:55:18.336014 7f0f823da700       Options.max_sequential_skip_in_iterations: 8
2020/03/09-19:55:18.336015 7f0f823da700                    Options.max_compaction_bytes: 1677721600
2020/03/09-19:55:18.336017 7f0f823da700                        Options.arena_block_size: 262144
2020/03/09-19:55:18.336018 7f0f823da700   Options.soft_pending_compaction_bytes_limit: 68719476736
2020/03/09-19:55:18.336020 7f0f823da700   Options.hard_pending_compaction_bytes_limit: 274877906944
2020/03/09-19:55:18.336021 7f0f823da700       Options.rate_limit_delay_max_milliseconds: 100
2020/03/09-19:55:18.336023 7f0f823da700                Options.disable_auto_compactions: 0
2020/03/09-19:55:18.336025 7f0f823da700                        Options.compaction_style: kCompactionStyleLevel
2020/03/09-19:55:18.336026 7f0f823da700                          Options.compaction_pri: kMinOverlappingRatio
2020/03/09-19:55:18.336028 7f0f823da700 Options.compaction_options_universal.size_ratio: 1
2020/03/09-19:55:18.336030 7f0f823da700 Options.compaction_options_universal.min_merge_width: 2
2020/03/09-19:55:18.336031 7f0f823da700 Options.compaction_options_universal.max_merge_width: 4294967295
2020/03/09-19:55:18.336033 7f0f823da700 Options.compaction_options_universal.max_size_amplification_percent: 200
2020/03/09-19:55:18.336034 7f0f823da700 Options.compaction_options_universal.compression_size_percent: -1
2020/03/09-19:55:18.336036 7f0f823da700 Options.compaction_options_universal.stop_style: kCompactionStopStyleTotalSize
2020/03/09-19:55:18.336037 7f0f823da700 Options.compaction_options_fifo.max_table_files_size: 1073741824
2020/03/09-19:55:18.336039 7f0f823da700 Options.compaction_options_fifo.allow_compaction: 0
2020/03/09-19:55:18.336040 7f0f823da700                   Options.table_properties_collectors: 
2020/03/09-19:55:18.336042 7f0f823da700                   Options.inplace_update_support: 0
2020/03/09-19:55:18.336043 7f0f823da700                 Options.inplace_update_num_locks: 10000
2020/03/09-19:55:18.336045 7f0f823da700               Options.memtable_prefix_bloom_size_ratio: 0.000000
2020/03/09-19:55:18.336046 7f0f823da700               Options.memtable_whole_key_filtering: 0
2020/03/09-19:55:18.336048 7f0f823da700   Options.memtable_huge_page_size: 0
2020/03/09-19:55:18.336049 7f0f823da700                           Options.bloom_locality: 0
2020/03/09-19:55:18.336051 7f0f823da700                    Options.max_successive_merges: 0
2020/03/09-19:55:18.336057 7f0f823da700                Options.optimize_filters_for_hits: 0
2020/03/09-19:55:18.336059 7f0f823da700                Options.paranoid_file_checks: 0
2020/03/09-19:55:18.336060 7f0f823da700                Options.force_consistency_checks: 0
2020/03/09-19:55:18.336062 7f0f823da700                Options.report_bg_io_stats: 0
2020/03/09-19:55:18.336063 7f0f823da700                               Options.ttl: 2592000
2020/03/09-19:55:18.336065 7f0f823da700          Options.periodic_compaction_seconds: 0
2020/03/09-19:55:18.336086 7f0f823da700 [lumn_family.cc:550] --------------- Options for column family [milestone]:
2020/03/09-19:55:18.336088 7f0f823da700               Options.comparator: leveldb.BytewiseComparator
2020/03/09-19:55:18.336090 7f0f823da700           Options.merge_operator: StringAppendOperator
2020/03/09-19:55:18.336091 7f0f823da700        Options.compaction_filter: None
2020/03/09-19:55:18.336093 7f0f823da700        Options.compaction_filter_factory: None
2020/03/09-19:55:18.336094 7f0f823da700         Options.memtable_factory: SkipListFactory
2020/03/09-19:55:18.336096 7f0f823da700            Options.table_factory: BlockBasedTable
2020/03/09-19:55:18.336120 7f0f823da700            table_factory options:   flush_block_policy_factory: FlushBlockBySizePolicyFactory (0x7f0f7cb372a0)
  cache_index_and_filter_blocks: 0
  cache_index_and_filter_blocks_with_high_priority: 0
  pin_l0_filter_and_index_blocks_in_cache: 0
  pin_top_level_index_and_filter: 1
  index_type: 0
  data_block_index_type: 0
  index_shortening: 1
  data_block_hash_table_util_ratio: 0.750000
  hash_index_allow_collision: 1
  checksum: 1
  no_block_cache: 0
  block_cache: 0x7f0f7cb665b0
  block_cache_name: LRUCache
  block_cache_options:
    capacity : 102400000
    num_shard_bits : 2
    strict_capacity_limit : 0
    memory_allocator : None
    high_pri_pool_ratio: 0.000
  block_cache_compressed: 0x7f0f7cb5b4c0
  block_cache_name: LRUCache
  block_cache_compressed_options:
    capacity : 32768
    num_shard_bits : 10
    strict_capacity_limit : 0
    memory_allocator : None
    high_pri_pool_ratio: 0.000
  persistent_cache: (nil)
  block_size: 4096
  block_size_deviation: 10
  block_restart_interval: 16
  index_block_restart_interval: 1
  metadata_block_size: 4096
  partition_filters: 0
  use_delta_encoding: 1
  filter_policy: rocksdb.BuiltinBloomFilter
  whole_key_filtering: 1
  verify_compression: 1
  read_amp_bytes_per_bit: 0
  format_version: 2
  enable_index_compression: 1
  block_align: 0
2020/03/09-19:55:18.336127 7f0f823da700        Options.write_buffer_size: 2097152
2020/03/09-19:55:18.336128 7f0f823da700  Options.max_write_buffer_number: 2
2020/03/09-19:55:18.336130 7f0f823da700          Options.compression: Snappy
2020/03/09-19:55:18.336131 7f0f823da700                  Options.bottommost_compression: Disabled
2020/03/09-19:55:18.336133 7f0f823da700       Options.prefix_extractor: nullptr
2020/03/09-19:55:18.336134 7f0f823da700   Options.memtable_insert_with_hint_prefix_extractor: nullptr
2020/03/09-19:55:18.336135 7f0f823da700             Options.num_levels: 7
2020/03/09-19:55:18.336137 7f0f823da700        Options.min_write_buffer_number_to_merge: 1
2020/03/09-19:55:18.336138 7f0f823da700     Options.max_write_buffer_number_to_maintain: 0
2020/03/09-19:55:18.336140 7f0f823da700     Options.max_write_buffer_size_to_maintain: 0
2020/03/09-19:55:18.336141 7f0f823da700            Options.bottommost_compression_opts.window_bits: -14
2020/03/09-19:55:18.336143 7f0f823da700                  Options.bottommost_compression_opts.level: 32767
2020/03/09-19:55:18.336144 7f0f823da700               Options.bottommost_compression_opts.strategy: 0
2020/03/09-19:55:18.336145 7f0f823da700         Options.bottommost_compression_opts.max_dict_bytes: 0
2020/03/09-19:55:18.336147 7f0f823da700         Options.bottommost_compression_opts.zstd_max_train_bytes: 0
2020/03/09-19:55:18.336148 7f0f823da700                  Options.bottommost_compression_opts.enabled: false
2020/03/09-19:55:18.336150 7f0f823da700            Options.compression_opts.window_bits: -14
2020/03/09-19:55:18.336158 7f0f823da700                  Options.compression_opts.level: 32767
2020/03/09-19:55:18.336160 7f0f823da700               Options.compression_opts.strategy: 0
2020/03/09-19:55:18.336161 7f0f823da700         Options.compression_opts.max_dict_bytes: 0
2020/03/09-19:55:18.336162 7f0f823da700         Options.compression_opts.zstd_max_train_bytes: 0
2020/03/09-19:55:18.336164 7f0f823da700                  Options.compression_opts.enabled: false
2020/03/09-19:55:18.336165 7f0f823da700      Options.level0_file_num_compaction_trigger: 4
2020/03/09-19:55:18.336167 7f0f823da700          Options.level0_slowdown_writes_trigger: 20
2020/03/09-19:55:18.336168 7f0f823da700              Options.level0_stop_writes_trigger: 36
2020/03/09-19:55:18.336169 7f0f823da700                   Options.target_file_size_base: 67108864
2020/03/09-19:55:18.336171 7f0f823da700             Options.target_file_size_multiplier: 1
2020/03/09-19:55:18.336172 7f0f823da700                Options.max_bytes_for_level_base: 268435456
2020/03/09-19:55:18.336174 7f0f823da700 Options.level_compaction_dynamic_level_bytes: 0
2020/03/09-19:55:18.336176 7f0f823da700          Options.max_bytes_for_level_multiplier: 10.000000
2020/03/09-19:55:18.336177 7f0f823da700 Options.max_bytes_for_level_multiplier_addtl[0]: 1
2020/03/09-19:55:18.336179 7f0f823da700 Options.max_bytes_for_level_multiplier_addtl[1]: 1
2020/03/09-19:55:18.336180 7f0f823da700 Options.max_bytes_for_level_multiplier_addtl[2]: 1
2020/03/09-19:55:18.336182 7f0f823da700 Options.max_bytes_for_level_multiplier_addtl[3]: 1
2020/03/09-19:55:18.336183 7f0f823da700 Options.max_bytes_for_level_multiplier_addtl[4]: 1
2020/03/09-19:55:18.336185 7f0f823da700 Options.max_bytes_for_level_multiplier_addtl[5]: 1
2020/03/09-19:55:18.336186 7f0f823da700 Options.max_bytes_for_level_multiplier_addtl[6]: 1
2020/03/09-19:55:18.336188 7f0f823da700       Options.max_sequential_skip_in_iterations: 8
2020/03/09-19:55:18.336189 7f0f823da700                    Options.max_compaction_bytes: 1677721600
2020/03/09-19:55:18.336191 7f0f823da700                        Options.arena_block_size: 262144
2020/03/09-19:55:18.336192 7f0f823da700   Options.soft_pending_compaction_bytes_limit: 68719476736
2020/03/09-19:55:18.336194 7f0f823da700   Options.hard_pending_compaction_bytes_limit: 274877906944
2020/03/09-19:55:18.336195 7f0f823da700       Options.rate_limit_delay_max_milliseconds: 100
2020/03/09-19:55:18.336197 7f0f823da700                Options.disable_auto_compactions: 0
2020/03/09-19:55:18.336198 7f0f823da700                        Options.compaction_style: kCompactionStyleLevel
2020/03/09-19:55:18.336200 7f0f823da700                          Options.compaction_pri: kMinOverlappingRatio
2020/03/09-19:55:18.336201 7f0f823da700 Options.compaction_options_universal.size_ratio: 1
2020/03/09-19:55:18.336203 7f0f823da700 Options.compaction_options_universal.min_merge_width: 2
2020/03/09-19:55:18.336204 7f0f823da700 Options.compaction_options_universal.max_merge_width: 4294967295
2020/03/09-19:55:18.336206 7f0f823da700 Options.compaction_options_universal.max_size_amplification_percent: 200
2020/03/09-19:55:18.336207 7f0f823da700 Options.compaction_options_universal.compression_size_percent: -1
2020/03/09-19:55:18.336209 7f0f823da700 Options.compaction_options_universal.stop_style: kCompactionStopStyleTotalSize
2020/03/09-19:55:18.336210 7f0f823da700 Options.compaction_options_fifo.max_table_files_size: 1073741824
2020/03/09-19:55:18.336212 7f0f823da700 Options.compaction_options_fifo.allow_compaction: 0
2020/03/09-19:55:18.336213 7f0f823da700                   Options.table_properties_collectors: 
2020/03/09-19:55:18.336214 7f0f823da700                   Options.inplace_update_support: 0
2020/03/09-19:55:18.336216 7f0f823da700                 Options.inplace_update_num_locks: 10000
2020/03/09-19:55:18.336217 7f0f823da700               Options.memtable_prefix_bloom_size_ratio: 0.000000
2020/03/09-19:55:18.336219 7f0f823da700               Options.memtable_whole_key_filtering: 0
2020/03/09-19:55:18.336225 7f0f823da700   Options.memtable_huge_page_size: 0
2020/03/09-19:55:18.336226 7f0f823da700                           Options.bloom_locality: 0
2020/03/09-19:55:18.336228 7f0f823da700                    Options.max_successive_merges: 0
2020/03/09-19:55:18.336229 7f0f823da700                Options.optimize_filters_for_hits: 0
2020/03/09-19:55:18.336231 7f0f823da700                Options.paranoid_file_checks: 0
2020/03/09-19:55:18.336232 7f0f823da700                Options.force_consistency_checks: 0
2020/03/09-19:55:18.336233 7f0f823da700                Options.report_bg_io_stats: 0
2020/03/09-19:55:18.336235 7f0f823da700                               Options.ttl: 2592000
2020/03/09-19:55:18.336236 7f0f823da700          Options.periodic_compaction_seconds: 0
2020/03/09-19:55:18.336299 7f0f823da700 [lumn_family.cc:550] --------------- Options for column family [stateDiff]:
2020/03/09-19:55:18.336302 7f0f823da700               Options.comparator: leveldb.BytewiseComparator
2020/03/09-19:55:18.336303 7f0f823da700           Options.merge_operator: StringAppendOperator
2020/03/09-19:55:18.336305 7f0f823da700        Options.compaction_filter: None
2020/03/09-19:55:18.336306 7f0f823da700        Options.compaction_filter_factory: None
2020/03/09-19:55:18.336308 7f0f823da700         Options.memtable_factory: SkipListFactory
2020/03/09-19:55:18.336309 7f0f823da700            Options.table_factory: BlockBasedTable
2020/03/09-19:55:18.336333 7f0f823da700            table_factory options:   flush_block_policy_factory: FlushBlockBySizePolicyFactory (0x7f0f7cb372a0)
  cache_index_and_filter_blocks: 0
  cache_index_and_filter_blocks_with_high_priority: 0
  pin_l0_filter_and_index_blocks_in_cache: 0
  pin_top_level_index_and_filter: 1
  index_type: 0
  data_block_index_type: 0
  index_shortening: 1
  data_block_hash_table_util_ratio: 0.750000
  hash_index_allow_collision: 1
  checksum: 1
  no_block_cache: 0
  block_cache: 0x7f0f7cb665b0
  block_cache_name: LRUCache
  block_cache_options:
    capacity : 102400000
    num_shard_bits : 2
    strict_capacity_limit : 0
    memory_allocator : None
    high_pri_pool_ratio: 0.000
  block_cache_compressed: 0x7f0f7cb5b4c0
  block_cache_name: LRUCache
  block_cache_compressed_options:
    capacity : 32768
    num_shard_bits : 10
    strict_capacity_limit : 0
    memory_allocator : None
    high_pri_pool_ratio: 0.000
  persistent_cache: (nil)
  block_size: 4096
  block_size_deviation: 10
  block_restart_interval: 16
  index_block_restart_interval: 1
  metadata_block_size: 4096
  partition_filters: 0
  use_delta_encoding: 1
  filter_policy: rocksdb.BuiltinBloomFilter
  whole_key_filtering: 1
  verify_compression: 1
  read_amp_bytes_per_bit: 0
  format_version: 2
  enable_index_compression: 1
  block_align: 0
2020/03/09-19:55:18.336339 7f0f823da700        Options.write_buffer_size: 2097152
2020/03/09-19:55:18.336341 7f0f823da700  Options.max_write_buffer_number: 2
2020/03/09-19:55:18.336342 7f0f823da700          Options.compression: Snappy
2020/03/09-19:55:18.336344 7f0f823da700                  Options.bottommost_compression: Disabled
2020/03/09-19:55:18.336345 7f0f823da700       Options.prefix_extractor: nullptr
2020/03/09-19:55:18.336347 7f0f823da700   Options.memtable_insert_with_hint_prefix_extractor: nullptr
2020/03/09-19:55:18.336348 7f0f823da700             Options.num_levels: 7
2020/03/09-19:55:18.336349 7f0f823da700        Options.min_write_buffer_number_to_merge: 1
2020/03/09-19:55:18.336351 7f0f823da700     Options.max_write_buffer_number_to_maintain: 0
2020/03/09-19:55:18.336352 7f0f823da700     Options.max_write_buffer_size_to_maintain: 0
2020/03/09-19:55:18.336354 7f0f823da700            Options.bottommost_compression_opts.window_bits: -14
2020/03/09-19:55:18.336355 7f0f823da700                  Options.bottommost_compression_opts.level: 32767
2020/03/09-19:55:18.336357 7f0f823da700               Options.bottommost_compression_opts.strategy: 0
2020/03/09-19:55:18.336358 7f0f823da700         Options.bottommost_compression_opts.max_dict_bytes: 0
2020/03/09-19:55:18.336365 7f0f823da700         Options.bottommost_compression_opts.zstd_max_train_bytes: 0
2020/03/09-19:55:18.336366 7f0f823da700                  Options.bottommost_compression_opts.enabled: false
2020/03/09-19:55:18.336368 7f0f823da700            Options.compression_opts.window_bits: -14
2020/03/09-19:55:18.336369 7f0f823da700                  Options.compression_opts.level: 32767
2020/03/09-19:55:18.336371 7f0f823da700               Options.compression_opts.strategy: 0
2020/03/09-19:55:18.336372 7f0f823da700         Options.compression_opts.max_dict_bytes: 0
2020/03/09-19:55:18.336373 7f0f823da700         Options.compression_opts.zstd_max_train_bytes: 0
2020/03/09-19:55:18.336375 7f0f823da700                  Options.compression_opts.enabled: false
2020/03/09-19:55:18.336376 7f0f823da700      Options.level0_file_num_compaction_trigger: 4
2020/03/09-19:55:18.336378 7f0f823da700          Options.level0_slowdown_writes_trigger: 20
2020/03/09-19:55:18.336379 7f0f823da700              Options.level0_stop_writes_trigger: 36
2020/03/09-19:55:18.336380 7f0f823da700                   Options.target_file_size_base: 67108864
2020/03/09-19:55:18.336382 7f0f823da700             Options.target_file_size_multiplier: 1
2020/03/09-19:55:18.336383 7f0f823da700                Options.max_bytes_for_level_base: 268435456
2020/03/09-19:55:18.336385 7f0f823da700 Options.level_compaction_dynamic_level_bytes: 0
2020/03/09-19:55:18.336387 7f0f823da700          Options.max_bytes_for_level_multiplier: 10.000000
2020/03/09-19:55:18.336388 7f0f823da700 Options.max_bytes_for_level_multiplier_addtl[0]: 1
2020/03/09-19:55:18.336390 7f0f823da700 Options.max_bytes_for_level_multiplier_addtl[1]: 1
2020/03/09-19:55:18.336392 7f0f823da700 Options.max_bytes_for_level_multiplier_addtl[2]: 1
2020/03/09-19:55:18.336393 7f0f823da700 Options.max_bytes_for_level_multiplier_addtl[3]: 1
2020/03/09-19:55:18.336395 7f0f823da700 Options.max_bytes_for_level_multiplier_addtl[4]: 1
2020/03/09-19:55:18.336396 7f0f823da700 Options.max_bytes_for_level_multiplier_addtl[5]: 1
2020/03/09-19:55:18.336398 7f0f823da700 Options.max_bytes_for_level_multiplier_addtl[6]: 1
2020/03/09-19:55:18.336399 7f0f823da700       Options.max_sequential_skip_in_iterations: 8
2020/03/09-19:55:18.336401 7f0f823da700                    Options.max_compaction_bytes: 1677721600
2020/03/09-19:55:18.336402 7f0f823da700                        Options.arena_block_size: 262144
2020/03/09-19:55:18.336404 7f0f823da700   Options.soft_pending_compaction_bytes_limit: 68719476736
2020/03/09-19:55:18.336405 7f0f823da700   Options.hard_pending_compaction_bytes_limit: 274877906944
2020/03/09-19:55:18.336407 7f0f823da700       Options.rate_limit_delay_max_milliseconds: 100
2020/03/09-19:55:18.336408 7f0f823da700                Options.disable_auto_compactions: 0
2020/03/09-19:55:18.336410 7f0f823da700                        Options.compaction_style: kCompactionStyleLevel
