2020/03/07-20:41:29.123737 7f46f13dd700 RocksDB version: 6.6.4
2020/03/07-20:41:29.123782 7f46f13dd700 Git sha rocksdb_build_git_sha:
2020/03/07-20:41:29.123786 7f46f13dd700 Compile date Feb 12 2020
2020/03/07-20:41:29.123790 7f46f13dd700 DB SUMMARY
2020/03/07-20:41:29.123974 7f46f13dd700 CURRENT file:  CURRENT
2020/03/07-20:41:29.123978 7f46f13dd700 IDENTITY file:  IDENTITY
2020/03/07-20:41:29.123991 7f46f13dd700 MANIFEST file:  MANIFEST-000551 size: 6064 Bytes
2020/03/07-20:41:29.123997 7f46f13dd700 SST files in testnetdb dir, Total Num: 58, files: 000049.sst 000077.sst 000087.sst 000097.sst 000117.sst 000144.sst 000157.sst 000171.sst 000190.sst 
2020/03/07-20:41:29.124002 7f46f13dd700 Write Ahead Log file in testnetdb: 000552.log size: 10824 ; 
2020/03/07-20:41:29.124015 7f46f13dd700                         Options.error_if_exists: 0
2020/03/07-20:41:29.124018 7f46f13dd700                       Options.create_if_missing: 1
2020/03/07-20:41:29.124021 7f46f13dd700                         Options.paranoid_checks: 1
2020/03/07-20:41:29.124024 7f46f13dd700                                     Options.env: 0x7f4644ffa020
2020/03/07-20:41:29.124027 7f46f13dd700                                Options.info_log: 0x7f46e8ae6820
2020/03/07-20:41:29.124030 7f46f13dd700                Options.max_file_opening_threads: 16
2020/03/07-20:41:29.124033 7f46f13dd700                              Options.statistics: (nil)
2020/03/07-20:41:29.124036 7f46f13dd700                               Options.use_fsync: 0
2020/03/07-20:41:29.124039 7f46f13dd700                       Options.max_log_file_size: 1048576
2020/03/07-20:41:29.124042 7f46f13dd700                  Options.max_manifest_file_size: 1048576
2020/03/07-20:41:29.124045 7f46f13dd700                   Options.log_file_time_to_roll: 0
2020/03/07-20:41:29.124048 7f46f13dd700                       Options.keep_log_file_num: 1000
2020/03/07-20:41:29.124051 7f46f13dd700                    Options.recycle_log_file_num: 0
2020/03/07-20:41:29.124054 7f46f13dd700                         Options.allow_fallocate: 1
2020/03/07-20:41:29.124057 7f46f13dd700                        Options.allow_mmap_reads: 0
2020/03/07-20:41:29.124060 7f46f13dd700                       Options.allow_mmap_writes: 0
2020/03/07-20:41:29.124062 7f46f13dd700                        Options.use_direct_reads: 0
2020/03/07-20:41:29.124065 7f46f13dd700                        Options.use_direct_io_for_flush_and_compaction: 0
2020/03/07-20:41:29.124068 7f46f13dd700          Options.create_missing_column_families: 1
2020/03/07-20:41:29.124071 7f46f13dd700                              Options.db_log_dir: 
2020/03/07-20:41:29.124074 7f46f13dd700                                 Options.wal_dir: testnetdb
2020/03/07-20:41:29.124077 7f46f13dd700                Options.table_cache_numshardbits: 6
2020/03/07-20:41:29.124079 7f46f13dd700                      Options.max_subcompactions: 30
2020/03/07-20:41:29.124082 7f46f13dd700                  Options.max_background_flushes: -1
2020/03/07-20:41:29.124085 7f46f13dd700                         Options.WAL_ttl_seconds: 0
2020/03/07-20:41:29.124088 7f46f13dd700                       Options.WAL_size_limit_MB: 0
2020/03/07-20:41:29.124091 7f46f13dd700                        Options.max_write_batch_group_size_bytes: 1048576
2020/03/07-20:41:29.124094 7f46f13dd700             Options.manifest_preallocation_size: 4194304
2020/03/07-20:41:29.124097 7f46f13dd700                     Options.is_fd_close_on_exec: 1
2020/03/07-20:41:29.124099 7f46f13dd700                   Options.advise_random_on_open: 1
2020/03/07-20:41:29.124102 7f46f13dd700                    Options.db_write_buffer_size: 0
2020/03/07-20:41:29.124105 7f46f13dd700                    Options.write_buffer_manager: 0x7f46e8ae8000
2020/03/07-20:41:29.124108 7f46f13dd700         Options.access_hint_on_compaction_start: 1
2020/03/07-20:41:29.124110 7f46f13dd700  Options.new_table_reader_for_compaction_inputs: 0
2020/03/07-20:41:29.124113 7f46f13dd700           Options.random_access_max_buffer_size: 1048576
2020/03/07-20:41:29.124116 7f46f13dd700                      Options.use_adaptive_mutex: 0
2020/03/07-20:41:29.124119 7f46f13dd700                            Options.rate_limiter: (nil)
2020/03/07-20:41:29.124132 7f46f13dd700     Options.sst_file_manager.rate_bytes_per_sec: 0
2020/03/07-20:41:29.124135 7f46f13dd700                       Options.wal_recovery_mode: 2
2020/03/07-20:41:29.124137 7f46f13dd700                  Options.enable_thread_tracking: 0
2020/03/07-20:41:29.124140 7f46f13dd700                  Options.enable_pipelined_write: 0
2020/03/07-20:41:29.124143 7f46f13dd700                  Options.unordered_write: 0
2020/03/07-20:41:29.124146 7f46f13dd700         Options.allow_concurrent_memtable_write: 1
2020/03/07-20:41:29.124148 7f46f13dd700      Options.enable_write_thread_adaptive_yield: 1
2020/03/07-20:41:29.124151 7f46f13dd700             Options.write_thread_max_yield_usec: 100
2020/03/07-20:41:29.124154 7f46f13dd700            Options.write_thread_slow_yield_usec: 3
2020/03/07-20:41:29.124157 7f46f13dd700                               Options.row_cache: None
2020/03/07-20:41:29.124160 7f46f13dd700                              Options.wal_filter: None
2020/03/07-20:41:29.124163 7f46f13dd700             Options.avoid_flush_during_recovery: 0
2020/03/07-20:41:29.124165 7f46f13dd700             Options.allow_ingest_behind: 0
2020/03/07-20:41:29.124168 7f46f13dd700             Options.preserve_deletes: 0
2020/03/07-20:41:29.124171 7f46f13dd700             Options.two_write_queues: 0
2020/03/07-20:41:29.124174 7f46f13dd700             Options.manual_wal_flush: 0
2020/03/07-20:41:29.124176 7f46f13dd700             Options.atomic_flush: 0
2020/03/07-20:41:29.124179 7f46f13dd700             Options.avoid_unnecessary_blocking_io: 0
2020/03/07-20:41:29.124182 7f46f13dd700                 Options.persist_stats_to_disk: 0
2020/03/07-20:41:29.124185 7f46f13dd700                 Options.write_dbid_to_manifest: 0
2020/03/07-20:41:29.124187 7f46f13dd700                 Options.log_readahead_size: 0
2020/03/07-20:41:29.124190 7f46f13dd700             Options.max_background_jobs: 2
2020/03/07-20:41:29.124193 7f46f13dd700             Options.max_background_compactions: 1
2020/03/07-20:41:29.124196 7f46f13dd700             Options.avoid_flush_during_shutdown: 0
2020/03/07-20:41:29.124199 7f46f13dd700           Options.writable_file_max_buffer_size: 1048576
2020/03/07-20:41:29.124202 7f46f13dd700             Options.delayed_write_rate : 16777216
2020/03/07-20:41:29.124205 7f46f13dd700             Options.max_total_wal_size: 0
2020/03/07-20:41:29.124208 7f46f13dd700             Options.delete_obsolete_files_period_micros: 21600000000
2020/03/07-20:41:29.124211 7f46f13dd700                   Options.stats_dump_period_sec: 600
2020/03/07-20:41:29.124214 7f46f13dd700                 Options.stats_persist_period_sec: 600
2020/03/07-20:41:29.124217 7f46f13dd700                 Options.stats_history_buffer_size: 1048576
2020/03/07-20:41:29.124220 7f46f13dd700                          Options.max_open_files: 10000
2020/03/07-20:41:29.124223 7f46f13dd700                          Options.bytes_per_sync: 0
2020/03/07-20:41:29.124225 7f46f13dd700                      Options.wal_bytes_per_sync: 0
2020/03/07-20:41:29.124228 7f46f13dd700                   Options.strict_bytes_per_sync: 0
2020/03/07-20:41:29.124231 7f46f13dd700       Options.compaction_readahead_size: 0
2020/03/07-20:41:29.124234 7f46f13dd700 Compression algorithms supported:
2020/03/07-20:41:29.124237 7f46f13dd700 	kZSTDNotFinalCompression supported: 1
2020/03/07-20:41:29.124241 7f46f13dd700 	kZSTD supported: 1
2020/03/07-20:41:29.124244 7f46f13dd700 	kXpressCompression supported: 0
2020/03/07-20:41:29.124247 7f46f13dd700 	kLZ4HCCompression supported: 1
2020/03/07-20:41:29.124251 7f46f13dd700 	kLZ4Compression supported: 1
2020/03/07-20:41:29.124254 7f46f13dd700 	kBZip2Compression supported: 1
2020/03/07-20:41:29.124257 7f46f13dd700 	kZlibCompression supported: 1
2020/03/07-20:41:29.124260 7f46f13dd700 	kSnappyCompression supported: 1
2020/03/07-20:41:29.124264 7f46f13dd700 Fast CRC32 supported: Not supported on x86
2020/03/07-20:41:29.124411 7f46f13dd700 [rsion_set.cc:4377] Recovering from manifest file: testnetdb/MANIFEST-000551
2020/03/07-20:41:29.124486 7f46f13dd700 [lumn_family.cc:550] --------------- Options for column family [default]:
2020/03/07-20:41:29.124491 7f46f13dd700               Options.comparator: leveldb.BytewiseComparator
2020/03/07-20:41:29.124495 7f46f13dd700           Options.merge_operator: StringAppendOperator
2020/03/07-20:41:29.124508 7f46f13dd700        Options.compaction_filter: None
2020/03/07-20:41:29.124511 7f46f13dd700        Options.compaction_filter_factory: None
2020/03/07-20:41:29.124514 7f46f13dd700         Options.memtable_factory: SkipListFactory
2020/03/07-20:41:29.124517 7f46f13dd700            Options.table_factory: BlockBasedTable
2020/03/07-20:41:29.124570 7f46f13dd700            table_factory options:   flush_block_policy_factory: FlushBlockBySizePolicyFactory (0x7f46e8a8bf10)
  cache_index_and_filter_blocks: 0
  cache_index_and_filter_blocks_with_high_priority: 0
  pin_l0_filter_and_index_blocks_in_cache: 0
  pin_top_level_index_and_filter: 1
  index_type: 0
  data_block_index_type: 0
  index_shortening: 1
  data_block_hash_table_util_ratio: 0.750000
  hash_index_allow_collision: 1
  checksum: 1
  no_block_cache: 0
  block_cache: 0x7f46e8a877f0
  block_cache_name: LRUCache
  block_cache_options:
    capacity : 102400000
    num_shard_bits : 2
    strict_capacity_limit : 0
    memory_allocator : None
    high_pri_pool_ratio: 0.000
  block_cache_compressed: 0x7f46e8a77580
  block_cache_name: LRUCache
  block_cache_compressed_options:
    capacity : 32768
    num_shard_bits : 10
    strict_capacity_limit : 0
    memory_allocator : None
    high_pri_pool_ratio: 0.000
  persistent_cache: (nil)
  block_size: 4096
  block_size_deviation: 10
  block_restart_interval: 16
  index_block_restart_interval: 1
  metadata_block_size: 4096
  partition_filters: 0
  use_delta_encoding: 1
  filter_policy: rocksdb.BuiltinBloomFilter
  whole_key_filtering: 1
  verify_compression: 1
  read_amp_bytes_per_bit: 0
  format_version: 2
  enable_index_compression: 1
  block_align: 0
2020/03/07-20:41:29.124581 7f46f13dd700        Options.write_buffer_size: 2097152
2020/03/07-20:41:29.124584 7f46f13dd700  Options.max_write_buffer_number: 2
2020/03/07-20:41:29.124588 7f46f13dd700          Options.compression: Snappy
2020/03/07-20:41:29.124591 7f46f13dd700                  Options.bottommost_compression: Disabled
2020/03/07-20:41:29.124593 7f46f13dd700       Options.prefix_extractor: nullptr
2020/03/07-20:41:29.124596 7f46f13dd700   Options.memtable_insert_with_hint_prefix_extractor: nullptr
2020/03/07-20:41:29.124599 7f46f13dd700             Options.num_levels: 7
2020/03/07-20:41:29.124602 7f46f13dd700        Options.min_write_buffer_number_to_merge: 1
2020/03/07-20:41:29.124605 7f46f13dd700     Options.max_write_buffer_number_to_maintain: 0
2020/03/07-20:41:29.124608 7f46f13dd700     Options.max_write_buffer_size_to_maintain: 0
2020/03/07-20:41:29.124611 7f46f13dd700            Options.bottommost_compression_opts.window_bits: -14
2020/03/07-20:41:29.124614 7f46f13dd700                  Options.bottommost_compression_opts.level: 32767
2020/03/07-20:41:29.124617 7f46f13dd700               Options.bottommost_compression_opts.strategy: 0
2020/03/07-20:41:29.124620 7f46f13dd700         Options.bottommost_compression_opts.max_dict_bytes: 0
2020/03/07-20:41:29.124623 7f46f13dd700         Options.bottommost_compression_opts.zstd_max_train_bytes: 0
2020/03/07-20:41:29.124626 7f46f13dd700                  Options.bottommost_compression_opts.enabled: false
2020/03/07-20:41:29.124629 7f46f13dd700            Options.compression_opts.window_bits: -14
2020/03/07-20:41:29.124632 7f46f13dd700                  Options.compression_opts.level: 32767
2020/03/07-20:41:29.124635 7f46f13dd700               Options.compression_opts.strategy: 0
2020/03/07-20:41:29.124637 7f46f13dd700         Options.compression_opts.max_dict_bytes: 0
2020/03/07-20:41:29.124640 7f46f13dd700         Options.compression_opts.zstd_max_train_bytes: 0
2020/03/07-20:41:29.124643 7f46f13dd700                  Options.compression_opts.enabled: false
2020/03/07-20:41:29.124656 7f46f13dd700      Options.level0_file_num_compaction_trigger: 4
2020/03/07-20:41:29.124659 7f46f13dd700          Options.level0_slowdown_writes_trigger: 20
2020/03/07-20:41:29.124662 7f46f13dd700              Options.level0_stop_writes_trigger: 36
2020/03/07-20:41:29.124665 7f46f13dd700                   Options.target_file_size_base: 67108864
2020/03/07-20:41:29.124668 7f46f13dd700             Options.target_file_size_multiplier: 1
2020/03/07-20:41:29.124670 7f46f13dd700                Options.max_bytes_for_level_base: 268435456
2020/03/07-20:41:29.124673 7f46f13dd700 Options.level_compaction_dynamic_level_bytes: 0
2020/03/07-20:41:29.124678 7f46f13dd700          Options.max_bytes_for_level_multiplier: 10.000000
2020/03/07-20:41:29.124682 7f46f13dd700 Options.max_bytes_for_level_multiplier_addtl[0]: 1
2020/03/07-20:41:29.124685 7f46f13dd700 Options.max_bytes_for_level_multiplier_addtl[1]: 1
2020/03/07-20:41:29.124688 7f46f13dd700 Options.max_bytes_for_level_multiplier_addtl[2]: 1
2020/03/07-20:41:29.124691 7f46f13dd700 Options.max_bytes_for_level_multiplier_addtl[3]: 1
2020/03/07-20:41:29.124694 7f46f13dd700 Options.max_bytes_for_level_multiplier_addtl[4]: 1
2020/03/07-20:41:29.124697 7f46f13dd700 Options.max_bytes_for_level_multiplier_addtl[5]: 1
2020/03/07-20:41:29.124700 7f46f13dd700 Options.max_bytes_for_level_multiplier_addtl[6]: 1
2020/03/07-20:41:29.124703 7f46f13dd700       Options.max_sequential_skip_in_iterations: 8
2020/03/07-20:41:29.124706 7f46f13dd700                    Options.max_compaction_bytes: 1677721600
2020/03/07-20:41:29.124709 7f46f13dd700                        Options.arena_block_size: 262144
2020/03/07-20:41:29.124712 7f46f13dd700   Options.soft_pending_compaction_bytes_limit: 68719476736
2020/03/07-20:41:29.124715 7f46f13dd700   Options.hard_pending_compaction_bytes_limit: 274877906944
2020/03/07-20:41:29.124718 7f46f13dd700       Options.rate_limit_delay_max_milliseconds: 100
2020/03/07-20:41:29.124721 7f46f13dd700                Options.disable_auto_compactions: 0
2020/03/07-20:41:29.124724 7f46f13dd700                        Options.compaction_style: kCompactionStyleLevel
2020/03/07-20:41:29.124728 7f46f13dd700                          Options.compaction_pri: kMinOverlappingRatio
2020/03/07-20:41:29.124731 7f46f13dd700 Options.compaction_options_universal.size_ratio: 1
2020/03/07-20:41:29.124734 7f46f13dd700 Options.compaction_options_universal.min_merge_width: 2
2020/03/07-20:41:29.124737 7f46f13dd700 Options.compaction_options_universal.max_merge_width: 4294967295
2020/03/07-20:41:29.124740 7f46f13dd700 Options.compaction_options_universal.max_size_amplification_percent: 200
2020/03/07-20:41:29.124743 7f46f13dd700 Options.compaction_options_universal.compression_size_percent: -1
2020/03/07-20:41:29.124746 7f46f13dd700 Options.compaction_options_universal.stop_style: kCompactionStopStyleTotalSize
2020/03/07-20:41:29.124749 7f46f13dd700 Options.compaction_options_fifo.max_table_files_size: 1073741824
2020/03/07-20:41:29.124752 7f46f13dd700 Options.compaction_options_fifo.allow_compaction: 0
2020/03/07-20:41:29.124755 7f46f13dd700                   Options.table_properties_collectors: 
2020/03/07-20:41:29.124757 7f46f13dd700                   Options.inplace_update_support: 0
2020/03/07-20:41:29.124760 7f46f13dd700                 Options.inplace_update_num_locks: 10000
2020/03/07-20:41:29.124764 7f46f13dd700               Options.memtable_prefix_bloom_size_ratio: 0.000000
2020/03/07-20:41:29.124767 7f46f13dd700               Options.memtable_whole_key_filtering: 0
2020/03/07-20:41:29.124770 7f46f13dd700   Options.memtable_huge_page_size: 0
2020/03/07-20:41:29.124772 7f46f13dd700                           Options.bloom_locality: 0
2020/03/07-20:41:29.124775 7f46f13dd700                    Options.max_successive_merges: 0
2020/03/07-20:41:29.124778 7f46f13dd700                Options.optimize_filters_for_hits: 0
2020/03/07-20:41:29.124781 7f46f13dd700                Options.paranoid_file_checks: 0
2020/03/07-20:41:29.124784 7f46f13dd700                Options.force_consistency_checks: 0
2020/03/07-20:41:29.124794 7f46f13dd700                Options.report_bg_io_stats: 0
2020/03/07-20:41:29.124797 7f46f13dd700                               Options.ttl: 2592000
2020/03/07-20:41:29.124800 7f46f13dd700          Options.periodic_compaction_seconds: 0
2020/03/07-20:41:29.124850 7f46f13dd700 [lumn_family.cc:550] --------------- Options for column family [transaction]:
2020/03/07-20:41:29.124854 7f46f13dd700               Options.comparator: leveldb.BytewiseComparator
2020/03/07-20:41:29.124857 7f46f13dd700           Options.merge_operator: StringAppendOperator
2020/03/07-20:41:29.124860 7f46f13dd700        Options.compaction_filter: None
2020/03/07-20:41:29.124863 7f46f13dd700        Options.compaction_filter_factory: None
2020/03/07-20:41:29.124866 7f46f13dd700         Options.memtable_factory: SkipListFactory
2020/03/07-20:41:29.124869 7f46f13dd700            Options.table_factory: BlockBasedTable
2020/03/07-20:41:29.124917 7f46f13dd700            table_factory options:   flush_block_policy_factory: FlushBlockBySizePolicyFactory (0x7f46e8a8bf10)
  cache_index_and_filter_blocks: 0
  cache_index_and_filter_blocks_with_high_priority: 0
  pin_l0_filter_and_index_blocks_in_cache: 0
  pin_top_level_index_and_filter: 1
  index_type: 0
  data_block_index_type: 0
  index_shortening: 1
  data_block_hash_table_util_ratio: 0.750000
  hash_index_allow_collision: 1
  checksum: 1
  no_block_cache: 0
  block_cache: 0x7f46e8a877f0
  block_cache_name: LRUCache
  block_cache_options:
    capacity : 102400000
    num_shard_bits : 2
    strict_capacity_limit : 0
    memory_allocator : None
    high_pri_pool_ratio: 0.000
  block_cache_compressed: 0x7f46e8a77580
  block_cache_name: LRUCache
  block_cache_compressed_options:
    capacity : 32768
    num_shard_bits : 10
    strict_capacity_limit : 0
    memory_allocator : None
    high_pri_pool_ratio: 0.000
  persistent_cache: (nil)
  block_size: 4096
  block_size_deviation: 10
  block_restart_interval: 16
  index_block_restart_interval: 1
  metadata_block_size: 4096
  partition_filters: 0
  use_delta_encoding: 1
  filter_policy: rocksdb.BuiltinBloomFilter
  whole_key_filtering: 1
  verify_compression: 1
  read_amp_bytes_per_bit: 0
  format_version: 2
  enable_index_compression: 1
  block_align: 0
2020/03/07-20:41:29.124928 7f46f13dd700        Options.write_buffer_size: 2097152
2020/03/07-20:41:29.124931 7f46f13dd700  Options.max_write_buffer_number: 2
2020/03/07-20:41:29.124934 7f46f13dd700          Options.compression: Snappy
2020/03/07-20:41:29.124937 7f46f13dd700                  Options.bottommost_compression: Disabled
2020/03/07-20:41:29.124940 7f46f13dd700       Options.prefix_extractor: nullptr
2020/03/07-20:41:29.124943 7f46f13dd700   Options.memtable_insert_with_hint_prefix_extractor: nullptr
2020/03/07-20:41:29.124946 7f46f13dd700             Options.num_levels: 7
2020/03/07-20:41:29.124949 7f46f13dd700        Options.min_write_buffer_number_to_merge: 1
2020/03/07-20:41:29.124951 7f46f13dd700     Options.max_write_buffer_number_to_maintain: 0
2020/03/07-20:41:29.124954 7f46f13dd700     Options.max_write_buffer_size_to_maintain: 0
2020/03/07-20:41:29.124957 7f46f13dd700            Options.bottommost_compression_opts.window_bits: -14
2020/03/07-20:41:29.124960 7f46f13dd700                  Options.bottommost_compression_opts.level: 32767
2020/03/07-20:41:29.124963 7f46f13dd700               Options.bottommost_compression_opts.strategy: 0
2020/03/07-20:41:29.124966 7f46f13dd700         Options.bottommost_compression_opts.max_dict_bytes: 0
2020/03/07-20:41:29.124969 7f46f13dd700         Options.bottommost_compression_opts.zstd_max_train_bytes: 0
2020/03/07-20:41:29.124971 7f46f13dd700                  Options.bottommost_compression_opts.enabled: false
2020/03/07-20:41:29.124974 7f46f13dd700            Options.compression_opts.window_bits: -14
2020/03/07-20:41:29.124977 7f46f13dd700                  Options.compression_opts.level: 32767
2020/03/07-20:41:29.124980 7f46f13dd700               Options.compression_opts.strategy: 0
2020/03/07-20:41:29.124990 7f46f13dd700         Options.compression_opts.max_dict_bytes: 0
2020/03/07-20:41:29.124993 7f46f13dd700         Options.compression_opts.zstd_max_train_bytes: 0
2020/03/07-20:41:29.124996 7f46f13dd700                  Options.compression_opts.enabled: false
2020/03/07-20:41:29.124999 7f46f13dd700      Options.level0_file_num_compaction_trigger: 4
2020/03/07-20:41:29.125002 7f46f13dd700          Options.level0_slowdown_writes_trigger: 20
2020/03/07-20:41:29.125004 7f46f13dd700              Options.level0_stop_writes_trigger: 36
2020/03/07-20:41:29.125007 7f46f13dd700                   Options.target_file_size_base: 67108864
2020/03/07-20:41:29.125010 7f46f13dd700             Options.target_file_size_multiplier: 1
2020/03/07-20:41:29.125013 7f46f13dd700                Options.max_bytes_for_level_base: 268435456
2020/03/07-20:41:29.125016 7f46f13dd700 Options.level_compaction_dynamic_level_bytes: 0
2020/03/07-20:41:29.125020 7f46f13dd700          Options.max_bytes_for_level_multiplier: 10.000000
2020/03/07-20:41:29.125023 7f46f13dd700 Options.max_bytes_for_level_multiplier_addtl[0]: 1
2020/03/07-20:41:29.125026 7f46f13dd700 Options.max_bytes_for_level_multiplier_addtl[1]: 1
2020/03/07-20:41:29.125029 7f46f13dd700 Options.max_bytes_for_level_multiplier_addtl[2]: 1
2020/03/07-20:41:29.125032 7f46f13dd700 Options.max_bytes_for_level_multiplier_addtl[3]: 1
2020/03/07-20:41:29.125035 7f46f13dd700 Options.max_bytes_for_level_multiplier_addtl[4]: 1
2020/03/07-20:41:29.125038 7f46f13dd700 Options.max_bytes_for_level_multiplier_addtl[5]: 1
2020/03/07-20:41:29.125041 7f46f13dd700 Options.max_bytes_for_level_multiplier_addtl[6]: 1
2020/03/07-20:41:29.125044 7f46f13dd700       Options.max_sequential_skip_in_iterations: 8
2020/03/07-20:41:29.125047 7f46f13dd700                    Options.max_compaction_bytes: 1677721600
2020/03/07-20:41:29.125050 7f46f13dd700                        Options.arena_block_size: 262144
2020/03/07-20:41:29.125053 7f46f13dd700   Options.soft_pending_compaction_bytes_limit: 68719476736
2020/03/07-20:41:29.125056 7f46f13dd700   Options.hard_pending_compaction_bytes_limit: 274877906944
2020/03/07-20:41:29.125059 7f46f13dd700       Options.rate_limit_delay_max_milliseconds: 100
2020/03/07-20:41:29.125062 7f46f13dd700                Options.disable_auto_compactions: 0
2020/03/07-20:41:29.125065 7f46f13dd700                        Options.compaction_style: kCompactionStyleLevel
2020/03/07-20:41:29.125068 7f46f13dd700                          Options.compaction_pri: kMinOverlappingRatio
2020/03/07-20:41:29.125071 7f46f13dd700 Options.compaction_options_universal.size_ratio: 1
2020/03/07-20:41:29.125074 7f46f13dd700 Options.compaction_options_universal.min_merge_width: 2
2020/03/07-20:41:29.125077 7f46f13dd700 Options.compaction_options_universal.max_merge_width: 4294967295
2020/03/07-20:41:29.125080 7f46f13dd700 Options.compaction_options_universal.max_size_amplification_percent: 200
2020/03/07-20:41:29.125083 7f46f13dd700 Options.compaction_options_universal.compression_size_percent: -1
2020/03/07-20:41:29.125086 7f46f13dd700 Options.compaction_options_universal.stop_style: kCompactionStopStyleTotalSize
2020/03/07-20:41:29.125089 7f46f13dd700 Options.compaction_options_fifo.max_table_files_size: 1073741824
2020/03/07-20:41:29.125092 7f46f13dd700 Options.compaction_options_fifo.allow_compaction: 0
2020/03/07-20:41:29.125095 7f46f13dd700                   Options.table_properties_collectors: 
2020/03/07-20:41:29.125097 7f46f13dd700                   Options.inplace_update_support: 0
2020/03/07-20:41:29.125100 7f46f13dd700                 Options.inplace_update_num_locks: 10000
2020/03/07-20:41:29.125104 7f46f13dd700               Options.memtable_prefix_bloom_size_ratio: 0.000000
2020/03/07-20:41:29.125107 7f46f13dd700               Options.memtable_whole_key_filtering: 0
2020/03/07-20:41:29.125109 7f46f13dd700   Options.memtable_huge_page_size: 0
2020/03/07-20:41:29.125112 7f46f13dd700                           Options.bloom_locality: 0
2020/03/07-20:41:29.125115 7f46f13dd700                    Options.max_successive_merges: 0
2020/03/07-20:41:29.125125 7f46f13dd700                Options.optimize_filters_for_hits: 0
2020/03/07-20:41:29.125128 7f46f13dd700                Options.paranoid_file_checks: 0
2020/03/07-20:41:29.125131 7f46f13dd700                Options.force_consistency_checks: 0
2020/03/07-20:41:29.125133 7f46f13dd700                Options.report_bg_io_stats: 0
2020/03/07-20:41:29.125136 7f46f13dd700                               Options.ttl: 2592000
2020/03/07-20:41:29.125139 7f46f13dd700          Options.periodic_compaction_seconds: 0
2020/03/07-20:41:29.125177 7f46f13dd700 [lumn_family.cc:550] --------------- Options for column family [milestone]:
2020/03/07-20:41:29.125181 7f46f13dd700               Options.comparator: leveldb.BytewiseComparator
2020/03/07-20:41:29.125185 7f46f13dd700           Options.merge_operator: StringAppendOperator
2020/03/07-20:41:29.125188 7f46f13dd700        Options.compaction_filter: None
2020/03/07-20:41:29.125191 7f46f13dd700        Options.compaction_filter_factory: None
2020/03/07-20:41:29.125194 7f46f13dd700         Options.memtable_factory: SkipListFactory
2020/03/07-20:41:29.125197 7f46f13dd700            Options.table_factory: BlockBasedTable
2020/03/07-20:41:29.125244 7f46f13dd700            table_factory options:   flush_block_policy_factory: FlushBlockBySizePolicyFactory (0x7f46e8a8bf10)
  cache_index_and_filter_blocks: 0
  cache_index_and_filter_blocks_with_high_priority: 0
  pin_l0_filter_and_index_blocks_in_cache: 0
  pin_top_level_index_and_filter: 1
  index_type: 0
  data_block_index_type: 0
  index_shortening: 1
  data_block_hash_table_util_ratio: 0.750000
  hash_index_allow_collision: 1
  checksum: 1
  no_block_cache: 0
  block_cache: 0x7f46e8a877f0
  block_cache_name: LRUCache
  block_cache_options:
    capacity : 102400000
    num_shard_bits : 2
    strict_capacity_limit : 0
    memory_allocator : None
    high_pri_pool_ratio: 0.000
  block_cache_compressed: 0x7f46e8a77580
  block_cache_name: LRUCache
  block_cache_compressed_options:
    capacity : 32768
    num_shard_bits : 10
    strict_capacity_limit : 0
    memory_allocator : None
    high_pri_pool_ratio: 0.000
  persistent_cache: (nil)
  block_size: 4096
  block_size_deviation: 10
  block_restart_interval: 16
  index_block_restart_interval: 1
  metadata_block_size: 4096
  partition_filters: 0
  use_delta_encoding: 1
  filter_policy: rocksdb.BuiltinBloomFilter
  whole_key_filtering: 1
  verify_compression: 1
  read_amp_bytes_per_bit: 0
  format_version: 2
  enable_index_compression: 1
  block_align: 0
2020/03/07-20:41:29.125255 7f46f13dd700        Options.write_buffer_size: 2097152
2020/03/07-20:41:29.125258 7f46f13dd700  Options.max_write_buffer_number: 2
2020/03/07-20:41:29.125261 7f46f13dd700          Options.compression: Snappy
2020/03/07-20:41:29.125264 7f46f13dd700                  Options.bottommost_compression: Disabled
2020/03/07-20:41:29.125267 7f46f13dd700       Options.prefix_extractor: nullptr
2020/03/07-20:41:29.125270 7f46f13dd700   Options.memtable_insert_with_hint_prefix_extractor: nullptr
2020/03/07-20:41:29.125272 7f46f13dd700             Options.num_levels: 7
2020/03/07-20:41:29.125275 7f46f13dd700        Options.min_write_buffer_number_to_merge: 1
2020/03/07-20:41:29.125278 7f46f13dd700     Options.max_write_buffer_number_to_maintain: 0
2020/03/07-20:41:29.125281 7f46f13dd700     Options.max_write_buffer_size_to_maintain: 0
2020/03/07-20:41:29.125284 7f46f13dd700            Options.bottommost_compression_opts.window_bits: -14
2020/03/07-20:41:29.125287 7f46f13dd700                  Options.bottommost_compression_opts.level: 32767
2020/03/07-20:41:29.125290 7f46f13dd700               Options.bottommost_compression_opts.strategy: 0
2020/03/07-20:41:29.125292 7f46f13dd700         Options.bottommost_compression_opts.max_dict_bytes: 0
2020/03/07-20:41:29.125295 7f46f13dd700         Options.bottommost_compression_opts.zstd_max_train_bytes: 0
2020/03/07-20:41:29.125298 7f46f13dd700                  Options.bottommost_compression_opts.enabled: false
2020/03/07-20:41:29.125301 7f46f13dd700            Options.compression_opts.window_bits: -14
2020/03/07-20:41:29.125311 7f46f13dd700                  Options.compression_opts.level: 32767
2020/03/07-20:41:29.125314 7f46f13dd700               Options.compression_opts.strategy: 0
2020/03/07-20:41:29.125317 7f46f13dd700         Options.compression_opts.max_dict_bytes: 0
2020/03/07-20:41:29.125320 7f46f13dd700         Options.compression_opts.zstd_max_train_bytes: 0
2020/03/07-20:41:29.125323 7f46f13dd700                  Options.compression_opts.enabled: false
2020/03/07-20:41:29.125325 7f46f13dd700      Options.level0_file_num_compaction_trigger: 4
2020/03/07-20:41:29.125328 7f46f13dd700          Options.level0_slowdown_writes_trigger: 20
2020/03/07-20:41:29.125331 7f46f13dd700              Options.level0_stop_writes_trigger: 36
2020/03/07-20:41:29.125334 7f46f13dd700                   Options.target_file_size_base: 67108864
2020/03/07-20:41:29.125337 7f46f13dd700             Options.target_file_size_multiplier: 1
2020/03/07-20:41:29.125340 7f46f13dd700                Options.max_bytes_for_level_base: 268435456
2020/03/07-20:41:29.125343 7f46f13dd700 Options.level_compaction_dynamic_level_bytes: 0
2020/03/07-20:41:29.125346 7f46f13dd700          Options.max_bytes_for_level_multiplier: 10.000000
2020/03/07-20:41:29.125349 7f46f13dd700 Options.max_bytes_for_level_multiplier_addtl[0]: 1
2020/03/07-20:41:29.125353 7f46f13dd700 Options.max_bytes_for_level_multiplier_addtl[1]: 1
2020/03/07-20:41:29.125356 7f46f13dd700 Options.max_bytes_for_level_multiplier_addtl[2]: 1
2020/03/07-20:41:29.125358 7f46f13dd700 Options.max_bytes_for_level_multiplier_addtl[3]: 1
2020/03/07-20:41:29.125361 7f46f13dd700 Options.max_bytes_for_level_multiplier_addtl[4]: 1
2020/03/07-20:41:29.125364 7f46f13dd700 Options.max_bytes_for_level_multiplier_addtl[5]: 1
2020/03/07-20:41:29.125367 7f46f13dd700 Options.max_bytes_for_level_multiplier_addtl[6]: 1
2020/03/07-20:41:29.125370 7f46f13dd700       Options.max_sequential_skip_in_iterations: 8
2020/03/07-20:41:29.125373 7f46f13dd700                    Options.max_compaction_bytes: 1677721600
2020/03/07-20:41:29.125376 7f46f13dd700                        Options.arena_block_size: 262144
2020/03/07-20:41:29.125379 7f46f13dd700   Options.soft_pending_compaction_bytes_limit: 68719476736
2020/03/07-20:41:29.125382 7f46f13dd700   Options.hard_pending_compaction_bytes_limit: 274877906944
2020/03/07-20:41:29.125385 7f46f13dd700       Options.rate_limit_delay_max_milliseconds: 100
2020/03/07-20:41:29.125388 7f46f13dd700                Options.disable_auto_compactions: 0
2020/03/07-20:41:29.125391 7f46f13dd700                        Options.compaction_style: kCompactionStyleLevel
2020/03/07-20:41:29.125394 7f46f13dd700                          Options.compaction_pri: kMinOverlappingRatio
2020/03/07-20:41:29.125397 7f46f13dd700 Options.compaction_options_universal.size_ratio: 1
2020/03/07-20:41:29.125400 7f46f13dd700 Options.compaction_options_universal.min_merge_width: 2
2020/03/07-20:41:29.125402 7f46f13dd700 Options.compaction_options_universal.max_merge_width: 4294967295
2020/03/07-20:41:29.125405 7f46f13dd700 Options.compaction_options_universal.max_size_amplification_percent: 200
2020/03/07-20:41:29.125408 7f46f13dd700 Options.compaction_options_universal.compression_size_percent: -1
2020/03/07-20:41:29.125411 7f46f13dd700 Options.compaction_options_universal.stop_style: kCompactionStopStyleTotalSize
2020/03/07-20:41:29.125414 7f46f13dd700 Options.compaction_options_fifo.max_table_files_size: 1073741824
2020/03/07-20:41:29.125417 7f46f13dd700 Options.compaction_options_fifo.allow_compaction: 0
2020/03/07-20:41:29.125420 7f46f13dd700                   Options.table_properties_collectors: 
2020/03/07-20:41:29.125423 7f46f13dd700                   Options.inplace_update_support: 0
2020/03/07-20:41:29.125426 7f46f13dd700                 Options.inplace_update_num_locks: 10000
2020/03/07-20:41:29.125429 7f46f13dd700               Options.memtable_prefix_bloom_size_ratio: 0.000000
2020/03/07-20:41:29.125432 7f46f13dd700               Options.memtable_whole_key_filtering: 0
2020/03/07-20:41:29.125446 7f46f13dd700   Options.memtable_huge_page_size: 0
2020/03/07-20:41:29.125449 7f46f13dd700                           Options.bloom_locality: 0
2020/03/07-20:41:29.125452 7f46f13dd700                    Options.max_successive_merges: 0
2020/03/07-20:41:29.125455 7f46f13dd700                Options.optimize_filters_for_hits: 0
2020/03/07-20:41:29.125457 7f46f13dd700                Options.paranoid_file_checks: 0
2020/03/07-20:41:29.125460 7f46f13dd700                Options.force_consistency_checks: 0
2020/03/07-20:41:29.125463 7f46f13dd700                Options.report_bg_io_stats: 0
2020/03/07-20:41:29.125466 7f46f13dd700                               Options.ttl: 2592000
2020/03/07-20:41:29.125468 7f46f13dd700          Options.periodic_compaction_seconds: 0
2020/03/07-20:41:29.125537 7f46f13dd700 [lumn_family.cc:550] --------------- Options for column family [stateDiff]:
2020/03/07-20:41:29.125541 7f46f13dd700               Options.comparator: leveldb.BytewiseComparator
2020/03/07-20:41:29.125544 7f46f13dd700           Options.merge_operator: StringAppendOperator
2020/03/07-20:41:29.125548 7f46f13dd700        Options.compaction_filter: None
2020/03/07-20:41:29.125551 7f46f13dd700        Options.compaction_filter_factory: None
2020/03/07-20:41:29.125554 7f46f13dd700         Options.memtable_factory: SkipListFactory
2020/03/07-20:41:29.125557 7f46f13dd700            Options.table_factory: BlockBasedTable
2020/03/07-20:41:29.125604 7f46f13dd700            table_factory options:   flush_block_policy_factory: FlushBlockBySizePolicyFactory (0x7f46e8a8bf10)
  cache_index_and_filter_blocks: 0
  cache_index_and_filter_blocks_with_high_priority: 0
  pin_l0_filter_and_index_blocks_in_cache: 0
  pin_top_level_index_and_filter: 1
  index_type: 0
  data_block_index_type: 0
  index_shortening: 1
  data_block_hash_table_util_ratio: 0.750000
  hash_index_allow_collision: 1
  checksum: 1
  no_block_cache: 0
  block_cache: 0x7f46e8a877f0
  block_cache_name: LRUCache
  block_cache_options:
    capacity : 102400000
    num_shard_bits : 2
    strict_capacity_limit : 0
    memory_allocator : None
    high_pri_pool_ratio: 0.000
  block_cache_compressed: 0x7f46e8a77580
  block_cache_name: LRUCache
  block_cache_compressed_options:
    capacity : 32768
    num_shard_bits : 10
    strict_capacity_limit : 0
    memory_allocator : None
    high_pri_pool_ratio: 0.000
  persistent_cache: (nil)
  block_size: 4096
  block_size_deviation: 10
  block_restart_interval: 16
  index_block_restart_interval: 1
  metadata_block_size: 4096
  partition_filters: 0
  use_delta_encoding: 1
  filter_policy: rocksdb.BuiltinBloomFilter
  whole_key_filtering: 1
  verify_compression: 1
  read_amp_bytes_per_bit: 0
  format_version: 2
  enable_index_compression: 1
  block_align: 0
2020/03/07-20:41:29.125615 7f46f13dd700        Options.write_buffer_size: 2097152
2020/03/07-20:41:29.125617 7f46f13dd700  Options.max_write_buffer_number: 2
2020/03/07-20:41:29.125620 7f46f13dd700          Options.compression: Snappy
2020/03/07-20:41:29.125623 7f46f13dd700                  Options.bottommost_compression: Disabled
2020/03/07-20:41:29.125626 7f46f13dd700       Options.prefix_extractor: nullptr
2020/03/07-20:41:29.125629 7f46f13dd700   Options.memtable_insert_with_hint_prefix_extractor: nullptr
2020/03/07-20:41:29.125632 7f46f13dd700             Options.num_levels: 7
2020/03/07-20:41:29.125635 7f46f13dd700        Options.min_write_buffer_number_to_merge: 1
2020/03/07-20:41:29.125638 7f46f13dd700     Options.max_write_buffer_number_to_maintain: 0
2020/03/07-20:41:29.125640 7f46f13dd700     Options.max_write_buffer_size_to_maintain: 0
2020/03/07-20:41:29.125643 7f46f13dd700            Options.bottommost_compression_opts.window_bits: -14
2020/03/07-20:41:29.125646 7f46f13dd700                  Options.bottommost_compression_opts.level: 32767
2020/03/07-20:41:29.125649 7f46f13dd700               Options.bottommost_compression_opts.strategy: 0
2020/03/07-20:41:29.125652 7f46f13dd700         Options.bottommost_compression_opts.max_dict_bytes: 0
2020/03/07-20:41:29.125662 7f46f13dd700         Options.bottommost_compression_opts.zstd_max_train_bytes: 0
2020/03/07-20:41:29.125665 7f46f13dd700                  Options.bottommost_compression_opts.enabled: false
2020/03/07-20:41:29.125668 7f46f13dd700            Options.compression_opts.window_bits: -14
2020/03/07-20:41:29.125671 7f46f13dd700                  Options.compression_opts.level: 32767
2020/03/07-20:41:29.125674 7f46f13dd700               Options.compression_opts.strategy: 0
2020/03/07-20:41:29.125676 7f46f13dd700         Options.compression_opts.max_dict_bytes: 0
2020/03/07-20:41:29.125679 7f46f13dd700         Options.compression_opts.zstd_max_train_bytes: 0
2020/03/07-20:41:29.125682 7f46f13dd700                  Options.compression_opts.enabled: false
2020/03/07-20:41:29.125685 7f46f13dd700      Options.level0_file_num_compaction_trigger: 4
2020/03/07-20:41:29.125687 7f46f13dd700          Options.level0_slowdown_writes_trigger: 20
2020/03/07-20:41:29.125690 7f46f13dd700              Options.level0_stop_writes_trigger: 36
2020/03/07-20:41:29.125693 7f46f13dd700                   Options.target_file_size_base: 67108864
2020/03/07-20:41:29.125696 7f46f13dd700             Options.target_file_size_multiplier: 1
2020/03/07-20:41:29.125699 7f46f13dd700                Options.max_bytes_for_level_base: 268435456
2020/03/07-20:41:29.125702 7f46f13dd700 Options.level_compaction_dynamic_level_bytes: 0
2020/03/07-20:41:29.125705 7f46f13dd700          Options.max_bytes_for_level_multiplier: 10.000000
2020/03/07-20:41:29.125709 7f46f13dd700 Options.max_bytes_for_level_multiplier_addtl[0]: 1
2020/03/07-20:41:29.125712 7f46f13dd700 Options.max_bytes_for_level_multiplier_addtl[1]: 1
2020/03/07-20:41:29.125715 7f46f13dd700 Options.max_bytes_for_level_multiplier_addtl[2]: 1
2020/03/07-20:41:29.125718 7f46f13dd700 Options.max_bytes_for_level_multiplier_addtl[3]: 1
2020/03/07-20:41:29.125721 7f46f13dd700 Options.max_bytes_for_level_multiplier_addtl[4]: 1
2020/03/07-20:41:29.125724 7f46f13dd700 Options.max_bytes_for_level_multiplier_addtl[5]: 1
2020/03/07-20:41:29.125727 7f46f13dd700 Options.max_bytes_for_level_multiplier_addtl[6]: 1
2020/03/07-20:41:29.125730 7f46f13dd700       Options.max_sequential_skip_in_iterations: 8
2020/03/07-20:41:29.125733 7f46f13dd700                    Options.max_compaction_bytes: 1677721600
2020/03/07-20:41:29.125736 7f46f13dd700                        Options.arena_block_size: 262144
2020/03/07-20:41:29.125739 7f46f13dd700   Options.soft_pending_compaction_bytes_limit: 68719476736
2020/03/07-20:41:29.125742 7f46f13dd700   Options.hard_pending_compaction_bytes_limit: 274877906944
2020/03/07-20:41:29.125744 7f46f13dd700       Options.rate_limit_delay_max_milliseconds: 100
2020/03/07-20:41:29.125747 7f46f13dd700                Options.disable_auto_compactions: 0
2020/03/07-20:41:29.125750 7f46f13dd700                        Options.compaction_style: kCompactionStyleLevel
