2020/03/07-10:36:46.875971 7f5066bc1700 RocksDB version: 6.6.4
2020/03/07-10:36:46.876015 7f5066bc1700 Git sha rocksdb_build_git_sha:
2020/03/07-10:36:46.876019 7f5066bc1700 Compile date Feb 12 2020
2020/03/07-10:36:46.876023 7f5066bc1700 DB SUMMARY
2020/03/07-10:36:46.876153 7f5066bc1700 CURRENT file:  CURRENT
2020/03/07-10:36:46.876157 7f5066bc1700 IDENTITY file:  IDENTITY
2020/03/07-10:36:46.876168 7f5066bc1700 MANIFEST file:  MANIFEST-000287 size: 5765 Bytes
2020/03/07-10:36:46.876173 7f5066bc1700 SST files in testnetdb dir, Total Num: 40, files: 000049.sst 000077.sst 000087.sst 000097.sst 000117.sst 000144.sst 000157.sst 000171.sst 000190.sst 
2020/03/07-10:36:46.876178 7f5066bc1700 Write Ahead Log file in testnetdb: 000288.log size: 18931 ; 
2020/03/07-10:36:46.876186 7f5066bc1700                         Options.error_if_exists: 0
2020/03/07-10:36:46.876189 7f5066bc1700                       Options.create_if_missing: 1
2020/03/07-10:36:46.876192 7f5066bc1700                         Options.paranoid_checks: 1
2020/03/07-10:36:46.876195 7f5066bc1700                                     Options.env: 0x7f4fa2102020
2020/03/07-10:36:46.876198 7f5066bc1700                                Options.info_log: 0x7f5060afff60
2020/03/07-10:36:46.876201 7f5066bc1700                Options.max_file_opening_threads: 16
2020/03/07-10:36:46.876204 7f5066bc1700                              Options.statistics: (nil)
2020/03/07-10:36:46.876207 7f5066bc1700                               Options.use_fsync: 0
2020/03/07-10:36:46.876210 7f5066bc1700                       Options.max_log_file_size: 1048576
2020/03/07-10:36:46.876214 7f5066bc1700                  Options.max_manifest_file_size: 1048576
2020/03/07-10:36:46.876217 7f5066bc1700                   Options.log_file_time_to_roll: 0
2020/03/07-10:36:46.876220 7f5066bc1700                       Options.keep_log_file_num: 1000
2020/03/07-10:36:46.876223 7f5066bc1700                    Options.recycle_log_file_num: 0
2020/03/07-10:36:46.876226 7f5066bc1700                         Options.allow_fallocate: 1
2020/03/07-10:36:46.876228 7f5066bc1700                        Options.allow_mmap_reads: 0
2020/03/07-10:36:46.876231 7f5066bc1700                       Options.allow_mmap_writes: 0
2020/03/07-10:36:46.876234 7f5066bc1700                        Options.use_direct_reads: 0
2020/03/07-10:36:46.876237 7f5066bc1700                        Options.use_direct_io_for_flush_and_compaction: 0
2020/03/07-10:36:46.876240 7f5066bc1700          Options.create_missing_column_families: 1
2020/03/07-10:36:46.876243 7f5066bc1700                              Options.db_log_dir: 
2020/03/07-10:36:46.876246 7f5066bc1700                                 Options.wal_dir: testnetdb
2020/03/07-10:36:46.876249 7f5066bc1700                Options.table_cache_numshardbits: 6
2020/03/07-10:36:46.876251 7f5066bc1700                      Options.max_subcompactions: 30
2020/03/07-10:36:46.876254 7f5066bc1700                  Options.max_background_flushes: -1
2020/03/07-10:36:46.876257 7f5066bc1700                         Options.WAL_ttl_seconds: 0
2020/03/07-10:36:46.876260 7f5066bc1700                       Options.WAL_size_limit_MB: 0
2020/03/07-10:36:46.876263 7f5066bc1700                        Options.max_write_batch_group_size_bytes: 1048576
2020/03/07-10:36:46.876266 7f5066bc1700             Options.manifest_preallocation_size: 4194304
2020/03/07-10:36:46.876269 7f5066bc1700                     Options.is_fd_close_on_exec: 1
2020/03/07-10:36:46.876272 7f5066bc1700                   Options.advise_random_on_open: 1
2020/03/07-10:36:46.876275 7f5066bc1700                    Options.db_write_buffer_size: 0
2020/03/07-10:36:46.876278 7f5066bc1700                    Options.write_buffer_manager: 0x7f5060aa0050
2020/03/07-10:36:46.876281 7f5066bc1700         Options.access_hint_on_compaction_start: 1
2020/03/07-10:36:46.876284 7f5066bc1700  Options.new_table_reader_for_compaction_inputs: 0
2020/03/07-10:36:46.876287 7f5066bc1700           Options.random_access_max_buffer_size: 1048576
2020/03/07-10:36:46.876289 7f5066bc1700                      Options.use_adaptive_mutex: 0
2020/03/07-10:36:46.876292 7f5066bc1700                            Options.rate_limiter: (nil)
2020/03/07-10:36:46.876305 7f5066bc1700     Options.sst_file_manager.rate_bytes_per_sec: 0
2020/03/07-10:36:46.876308 7f5066bc1700                       Options.wal_recovery_mode: 2
2020/03/07-10:36:46.876311 7f5066bc1700                  Options.enable_thread_tracking: 0
2020/03/07-10:36:46.876314 7f5066bc1700                  Options.enable_pipelined_write: 0
2020/03/07-10:36:46.876317 7f5066bc1700                  Options.unordered_write: 0
2020/03/07-10:36:46.876320 7f5066bc1700         Options.allow_concurrent_memtable_write: 1
2020/03/07-10:36:46.876322 7f5066bc1700      Options.enable_write_thread_adaptive_yield: 1
2020/03/07-10:36:46.876325 7f5066bc1700             Options.write_thread_max_yield_usec: 100
2020/03/07-10:36:46.876328 7f5066bc1700            Options.write_thread_slow_yield_usec: 3
2020/03/07-10:36:46.876331 7f5066bc1700                               Options.row_cache: None
2020/03/07-10:36:46.876334 7f5066bc1700                              Options.wal_filter: None
2020/03/07-10:36:46.876338 7f5066bc1700             Options.avoid_flush_during_recovery: 0
2020/03/07-10:36:46.876340 7f5066bc1700             Options.allow_ingest_behind: 0
2020/03/07-10:36:46.876343 7f5066bc1700             Options.preserve_deletes: 0
2020/03/07-10:36:46.876346 7f5066bc1700             Options.two_write_queues: 0
2020/03/07-10:36:46.876349 7f5066bc1700             Options.manual_wal_flush: 0
2020/03/07-10:36:46.876352 7f5066bc1700             Options.atomic_flush: 0
2020/03/07-10:36:46.876355 7f5066bc1700             Options.avoid_unnecessary_blocking_io: 0
2020/03/07-10:36:46.876358 7f5066bc1700                 Options.persist_stats_to_disk: 0
2020/03/07-10:36:46.876361 7f5066bc1700                 Options.write_dbid_to_manifest: 0
2020/03/07-10:36:46.876364 7f5066bc1700                 Options.log_readahead_size: 0
2020/03/07-10:36:46.876367 7f5066bc1700             Options.max_background_jobs: 2
2020/03/07-10:36:46.876370 7f5066bc1700             Options.max_background_compactions: 1
2020/03/07-10:36:46.876372 7f5066bc1700             Options.avoid_flush_during_shutdown: 0
2020/03/07-10:36:46.876375 7f5066bc1700           Options.writable_file_max_buffer_size: 1048576
2020/03/07-10:36:46.876378 7f5066bc1700             Options.delayed_write_rate : 16777216
2020/03/07-10:36:46.876381 7f5066bc1700             Options.max_total_wal_size: 0
2020/03/07-10:36:46.876385 7f5066bc1700             Options.delete_obsolete_files_period_micros: 21600000000
2020/03/07-10:36:46.876388 7f5066bc1700                   Options.stats_dump_period_sec: 600
2020/03/07-10:36:46.876391 7f5066bc1700                 Options.stats_persist_period_sec: 600
2020/03/07-10:36:46.876394 7f5066bc1700                 Options.stats_history_buffer_size: 1048576
2020/03/07-10:36:46.876397 7f5066bc1700                          Options.max_open_files: 10000
2020/03/07-10:36:46.876400 7f5066bc1700                          Options.bytes_per_sync: 0
2020/03/07-10:36:46.876403 7f5066bc1700                      Options.wal_bytes_per_sync: 0
2020/03/07-10:36:46.876406 7f5066bc1700                   Options.strict_bytes_per_sync: 0
2020/03/07-10:36:46.876409 7f5066bc1700       Options.compaction_readahead_size: 0
2020/03/07-10:36:46.876412 7f5066bc1700 Compression algorithms supported:
2020/03/07-10:36:46.876415 7f5066bc1700 	kZSTDNotFinalCompression supported: 1
2020/03/07-10:36:46.876419 7f5066bc1700 	kZSTD supported: 1
2020/03/07-10:36:46.876422 7f5066bc1700 	kXpressCompression supported: 0
2020/03/07-10:36:46.876426 7f5066bc1700 	kLZ4HCCompression supported: 1
2020/03/07-10:36:46.876429 7f5066bc1700 	kLZ4Compression supported: 1
2020/03/07-10:36:46.876432 7f5066bc1700 	kBZip2Compression supported: 1
2020/03/07-10:36:46.876436 7f5066bc1700 	kZlibCompression supported: 1
2020/03/07-10:36:46.876439 7f5066bc1700 	kSnappyCompression supported: 1
2020/03/07-10:36:46.876443 7f5066bc1700 Fast CRC32 supported: Not supported on x86
2020/03/07-10:36:46.876610 7f5066bc1700 [rsion_set.cc:4377] Recovering from manifest file: testnetdb/MANIFEST-000287
2020/03/07-10:36:46.876689 7f5066bc1700 [lumn_family.cc:550] --------------- Options for column family [default]:
2020/03/07-10:36:46.876694 7f5066bc1700               Options.comparator: leveldb.BytewiseComparator
2020/03/07-10:36:46.876698 7f5066bc1700           Options.merge_operator: StringAppendOperator
2020/03/07-10:36:46.876701 7f5066bc1700        Options.compaction_filter: None
2020/03/07-10:36:46.876704 7f5066bc1700        Options.compaction_filter_factory: None
2020/03/07-10:36:46.876708 7f5066bc1700         Options.memtable_factory: SkipListFactory
2020/03/07-10:36:46.876711 7f5066bc1700            Options.table_factory: BlockBasedTable
2020/03/07-10:36:46.876764 7f5066bc1700            table_factory options:   flush_block_policy_factory: FlushBlockBySizePolicyFactory (0x7f5060aad160)
  cache_index_and_filter_blocks: 0
  cache_index_and_filter_blocks_with_high_priority: 0
  pin_l0_filter_and_index_blocks_in_cache: 0
  pin_top_level_index_and_filter: 1
  index_type: 0
  data_block_index_type: 0
  index_shortening: 1
  data_block_hash_table_util_ratio: 0.750000
  hash_index_allow_collision: 1
  checksum: 1
  no_block_cache: 0
  block_cache: 0x7f5060a959a0
  block_cache_name: LRUCache
  block_cache_options:
    capacity : 102400000
    num_shard_bits : 2
    strict_capacity_limit : 0
    memory_allocator : None
    high_pri_pool_ratio: 0.000
  block_cache_compressed: 0x7f5060a8f2b0
  block_cache_name: LRUCache
  block_cache_compressed_options:
    capacity : 32768
    num_shard_bits : 10
    strict_capacity_limit : 0
    memory_allocator : None
    high_pri_pool_ratio: 0.000
  persistent_cache: (nil)
  block_size: 4096
  block_size_deviation: 10
  block_restart_interval: 16
  index_block_restart_interval: 1
  metadata_block_size: 4096
  partition_filters: 0
  use_delta_encoding: 1
  filter_policy: rocksdb.BuiltinBloomFilter
  whole_key_filtering: 1
  verify_compression: 1
  read_amp_bytes_per_bit: 0
  format_version: 2
  enable_index_compression: 1
  block_align: 0
2020/03/07-10:36:46.876776 7f5066bc1700        Options.write_buffer_size: 2097152
2020/03/07-10:36:46.876779 7f5066bc1700  Options.max_write_buffer_number: 2
2020/03/07-10:36:46.876782 7f5066bc1700          Options.compression: Snappy
2020/03/07-10:36:46.876786 7f5066bc1700                  Options.bottommost_compression: Disabled
2020/03/07-10:36:46.876789 7f5066bc1700       Options.prefix_extractor: nullptr
2020/03/07-10:36:46.876792 7f5066bc1700   Options.memtable_insert_with_hint_prefix_extractor: nullptr
2020/03/07-10:36:46.876795 7f5066bc1700             Options.num_levels: 7
2020/03/07-10:36:46.876798 7f5066bc1700        Options.min_write_buffer_number_to_merge: 1
2020/03/07-10:36:46.876801 7f5066bc1700     Options.max_write_buffer_number_to_maintain: 0
2020/03/07-10:36:46.876804 7f5066bc1700     Options.max_write_buffer_size_to_maintain: 0
2020/03/07-10:36:46.876807 7f5066bc1700            Options.bottommost_compression_opts.window_bits: -14
2020/03/07-10:36:46.876811 7f5066bc1700                  Options.bottommost_compression_opts.level: 32767
2020/03/07-10:36:46.876814 7f5066bc1700               Options.bottommost_compression_opts.strategy: 0
2020/03/07-10:36:46.876816 7f5066bc1700         Options.bottommost_compression_opts.max_dict_bytes: 0
2020/03/07-10:36:46.876819 7f5066bc1700         Options.bottommost_compression_opts.zstd_max_train_bytes: 0
2020/03/07-10:36:46.876823 7f5066bc1700                  Options.bottommost_compression_opts.enabled: false
2020/03/07-10:36:46.876826 7f5066bc1700            Options.compression_opts.window_bits: -14
2020/03/07-10:36:46.876829 7f5066bc1700                  Options.compression_opts.level: 32767
2020/03/07-10:36:46.876832 7f5066bc1700               Options.compression_opts.strategy: 0
2020/03/07-10:36:46.876835 7f5066bc1700         Options.compression_opts.max_dict_bytes: 0
2020/03/07-10:36:46.876838 7f5066bc1700         Options.compression_opts.zstd_max_train_bytes: 0
2020/03/07-10:36:46.876841 7f5066bc1700                  Options.compression_opts.enabled: false
2020/03/07-10:36:46.876852 7f5066bc1700      Options.level0_file_num_compaction_trigger: 4
2020/03/07-10:36:46.876855 7f5066bc1700          Options.level0_slowdown_writes_trigger: 20
2020/03/07-10:36:46.876858 7f5066bc1700              Options.level0_stop_writes_trigger: 36
2020/03/07-10:36:46.876861 7f5066bc1700                   Options.target_file_size_base: 67108864
2020/03/07-10:36:46.876864 7f5066bc1700             Options.target_file_size_multiplier: 1
2020/03/07-10:36:46.876867 7f5066bc1700                Options.max_bytes_for_level_base: 268435456
2020/03/07-10:36:46.876870 7f5066bc1700 Options.level_compaction_dynamic_level_bytes: 0
2020/03/07-10:36:46.876874 7f5066bc1700          Options.max_bytes_for_level_multiplier: 10.000000
2020/03/07-10:36:46.876878 7f5066bc1700 Options.max_bytes_for_level_multiplier_addtl[0]: 1
2020/03/07-10:36:46.876881 7f5066bc1700 Options.max_bytes_for_level_multiplier_addtl[1]: 1
2020/03/07-10:36:46.876884 7f5066bc1700 Options.max_bytes_for_level_multiplier_addtl[2]: 1
2020/03/07-10:36:46.876887 7f5066bc1700 Options.max_bytes_for_level_multiplier_addtl[3]: 1
2020/03/07-10:36:46.876890 7f5066bc1700 Options.max_bytes_for_level_multiplier_addtl[4]: 1
2020/03/07-10:36:46.876893 7f5066bc1700 Options.max_bytes_for_level_multiplier_addtl[5]: 1
2020/03/07-10:36:46.876896 7f5066bc1700 Options.max_bytes_for_level_multiplier_addtl[6]: 1
2020/03/07-10:36:46.876899 7f5066bc1700       Options.max_sequential_skip_in_iterations: 8
2020/03/07-10:36:46.876902 7f5066bc1700                    Options.max_compaction_bytes: 1677721600
2020/03/07-10:36:46.876905 7f5066bc1700                        Options.arena_block_size: 262144
2020/03/07-10:36:46.876908 7f5066bc1700   Options.soft_pending_compaction_bytes_limit: 68719476736
2020/03/07-10:36:46.876911 7f5066bc1700   Options.hard_pending_compaction_bytes_limit: 274877906944
2020/03/07-10:36:46.876914 7f5066bc1700       Options.rate_limit_delay_max_milliseconds: 100
2020/03/07-10:36:46.876917 7f5066bc1700                Options.disable_auto_compactions: 0
2020/03/07-10:36:46.876921 7f5066bc1700                        Options.compaction_style: kCompactionStyleLevel
2020/03/07-10:36:46.876924 7f5066bc1700                          Options.compaction_pri: kMinOverlappingRatio
2020/03/07-10:36:46.876928 7f5066bc1700 Options.compaction_options_universal.size_ratio: 1
2020/03/07-10:36:46.876930 7f5066bc1700 Options.compaction_options_universal.min_merge_width: 2
2020/03/07-10:36:46.876933 7f5066bc1700 Options.compaction_options_universal.max_merge_width: 4294967295
2020/03/07-10:36:46.876937 7f5066bc1700 Options.compaction_options_universal.max_size_amplification_percent: 200
2020/03/07-10:36:46.876940 7f5066bc1700 Options.compaction_options_universal.compression_size_percent: -1
2020/03/07-10:36:46.876943 7f5066bc1700 Options.compaction_options_universal.stop_style: kCompactionStopStyleTotalSize
2020/03/07-10:36:46.876946 7f5066bc1700 Options.compaction_options_fifo.max_table_files_size: 1073741824
2020/03/07-10:36:46.876949 7f5066bc1700 Options.compaction_options_fifo.allow_compaction: 0
2020/03/07-10:36:46.876952 7f5066bc1700                   Options.table_properties_collectors: 
2020/03/07-10:36:46.876955 7f5066bc1700                   Options.inplace_update_support: 0
2020/03/07-10:36:46.876958 7f5066bc1700                 Options.inplace_update_num_locks: 10000
2020/03/07-10:36:46.876961 7f5066bc1700               Options.memtable_prefix_bloom_size_ratio: 0.000000
2020/03/07-10:36:46.876964 7f5066bc1700               Options.memtable_whole_key_filtering: 0
2020/03/07-10:36:46.876967 7f5066bc1700   Options.memtable_huge_page_size: 0
2020/03/07-10:36:46.876970 7f5066bc1700                           Options.bloom_locality: 0
2020/03/07-10:36:46.876973 7f5066bc1700                    Options.max_successive_merges: 0
2020/03/07-10:36:46.876976 7f5066bc1700                Options.optimize_filters_for_hits: 0
2020/03/07-10:36:46.876979 7f5066bc1700                Options.paranoid_file_checks: 0
2020/03/07-10:36:46.876982 7f5066bc1700                Options.force_consistency_checks: 0
2020/03/07-10:36:46.876992 7f5066bc1700                Options.report_bg_io_stats: 0
2020/03/07-10:36:46.876995 7f5066bc1700                               Options.ttl: 2592000
2020/03/07-10:36:46.876998 7f5066bc1700          Options.periodic_compaction_seconds: 0
2020/03/07-10:36:46.877048 7f5066bc1700 [lumn_family.cc:550] --------------- Options for column family [transaction]:
2020/03/07-10:36:46.877052 7f5066bc1700               Options.comparator: leveldb.BytewiseComparator
2020/03/07-10:36:46.877056 7f5066bc1700           Options.merge_operator: StringAppendOperator
2020/03/07-10:36:46.877059 7f5066bc1700        Options.compaction_filter: None
2020/03/07-10:36:46.877062 7f5066bc1700        Options.compaction_filter_factory: None
2020/03/07-10:36:46.877065 7f5066bc1700         Options.memtable_factory: SkipListFactory
2020/03/07-10:36:46.877068 7f5066bc1700            Options.table_factory: BlockBasedTable
2020/03/07-10:36:46.877116 7f5066bc1700            table_factory options:   flush_block_policy_factory: FlushBlockBySizePolicyFactory (0x7f5060aad160)
  cache_index_and_filter_blocks: 0
  cache_index_and_filter_blocks_with_high_priority: 0
  pin_l0_filter_and_index_blocks_in_cache: 0
  pin_top_level_index_and_filter: 1
  index_type: 0
  data_block_index_type: 0
  index_shortening: 1
  data_block_hash_table_util_ratio: 0.750000
  hash_index_allow_collision: 1
  checksum: 1
  no_block_cache: 0
  block_cache: 0x7f5060a959a0
  block_cache_name: LRUCache
  block_cache_options:
    capacity : 102400000
    num_shard_bits : 2
    strict_capacity_limit : 0
    memory_allocator : None
    high_pri_pool_ratio: 0.000
  block_cache_compressed: 0x7f5060a8f2b0
  block_cache_name: LRUCache
  block_cache_compressed_options:
    capacity : 32768
    num_shard_bits : 10
    strict_capacity_limit : 0
    memory_allocator : None
    high_pri_pool_ratio: 0.000
  persistent_cache: (nil)
  block_size: 4096
  block_size_deviation: 10
  block_restart_interval: 16
  index_block_restart_interval: 1
  metadata_block_size: 4096
  partition_filters: 0
  use_delta_encoding: 1
  filter_policy: rocksdb.BuiltinBloomFilter
  whole_key_filtering: 1
  verify_compression: 1
  read_amp_bytes_per_bit: 0
  format_version: 2
  enable_index_compression: 1
  block_align: 0
2020/03/07-10:36:46.877127 7f5066bc1700        Options.write_buffer_size: 2097152
2020/03/07-10:36:46.877130 7f5066bc1700  Options.max_write_buffer_number: 2
2020/03/07-10:36:46.877133 7f5066bc1700          Options.compression: Snappy
2020/03/07-10:36:46.877136 7f5066bc1700                  Options.bottommost_compression: Disabled
2020/03/07-10:36:46.877139 7f5066bc1700       Options.prefix_extractor: nullptr
2020/03/07-10:36:46.877142 7f5066bc1700   Options.memtable_insert_with_hint_prefix_extractor: nullptr
2020/03/07-10:36:46.877145 7f5066bc1700             Options.num_levels: 7
2020/03/07-10:36:46.877148 7f5066bc1700        Options.min_write_buffer_number_to_merge: 1
2020/03/07-10:36:46.877151 7f5066bc1700     Options.max_write_buffer_number_to_maintain: 0
2020/03/07-10:36:46.877154 7f5066bc1700     Options.max_write_buffer_size_to_maintain: 0
2020/03/07-10:36:46.877157 7f5066bc1700            Options.bottommost_compression_opts.window_bits: -14
2020/03/07-10:36:46.877160 7f5066bc1700                  Options.bottommost_compression_opts.level: 32767
2020/03/07-10:36:46.877163 7f5066bc1700               Options.bottommost_compression_opts.strategy: 0
2020/03/07-10:36:46.877166 7f5066bc1700         Options.bottommost_compression_opts.max_dict_bytes: 0
2020/03/07-10:36:46.877169 7f5066bc1700         Options.bottommost_compression_opts.zstd_max_train_bytes: 0
2020/03/07-10:36:46.877172 7f5066bc1700                  Options.bottommost_compression_opts.enabled: false
2020/03/07-10:36:46.877175 7f5066bc1700            Options.compression_opts.window_bits: -14
2020/03/07-10:36:46.877178 7f5066bc1700                  Options.compression_opts.level: 32767
2020/03/07-10:36:46.877181 7f5066bc1700               Options.compression_opts.strategy: 0
2020/03/07-10:36:46.877192 7f5066bc1700         Options.compression_opts.max_dict_bytes: 0
2020/03/07-10:36:46.877195 7f5066bc1700         Options.compression_opts.zstd_max_train_bytes: 0
2020/03/07-10:36:46.877198 7f5066bc1700                  Options.compression_opts.enabled: false
2020/03/07-10:36:46.877200 7f5066bc1700      Options.level0_file_num_compaction_trigger: 4
2020/03/07-10:36:46.877203 7f5066bc1700          Options.level0_slowdown_writes_trigger: 20
2020/03/07-10:36:46.877206 7f5066bc1700              Options.level0_stop_writes_trigger: 36
2020/03/07-10:36:46.877209 7f5066bc1700                   Options.target_file_size_base: 67108864
2020/03/07-10:36:46.877212 7f5066bc1700             Options.target_file_size_multiplier: 1
2020/03/07-10:36:46.877215 7f5066bc1700                Options.max_bytes_for_level_base: 268435456
2020/03/07-10:36:46.877218 7f5066bc1700 Options.level_compaction_dynamic_level_bytes: 0
2020/03/07-10:36:46.877221 7f5066bc1700          Options.max_bytes_for_level_multiplier: 10.000000
2020/03/07-10:36:46.877225 7f5066bc1700 Options.max_bytes_for_level_multiplier_addtl[0]: 1
2020/03/07-10:36:46.877228 7f5066bc1700 Options.max_bytes_for_level_multiplier_addtl[1]: 1
2020/03/07-10:36:46.877231 7f5066bc1700 Options.max_bytes_for_level_multiplier_addtl[2]: 1
2020/03/07-10:36:46.877234 7f5066bc1700 Options.max_bytes_for_level_multiplier_addtl[3]: 1
2020/03/07-10:36:46.877237 7f5066bc1700 Options.max_bytes_for_level_multiplier_addtl[4]: 1
2020/03/07-10:36:46.877240 7f5066bc1700 Options.max_bytes_for_level_multiplier_addtl[5]: 1
2020/03/07-10:36:46.877243 7f5066bc1700 Options.max_bytes_for_level_multiplier_addtl[6]: 1
2020/03/07-10:36:46.877246 7f5066bc1700       Options.max_sequential_skip_in_iterations: 8
2020/03/07-10:36:46.877249 7f5066bc1700                    Options.max_compaction_bytes: 1677721600
2020/03/07-10:36:46.877252 7f5066bc1700                        Options.arena_block_size: 262144
2020/03/07-10:36:46.877255 7f5066bc1700   Options.soft_pending_compaction_bytes_limit: 68719476736
2020/03/07-10:36:46.877258 7f5066bc1700   Options.hard_pending_compaction_bytes_limit: 274877906944
2020/03/07-10:36:46.877262 7f5066bc1700       Options.rate_limit_delay_max_milliseconds: 100
2020/03/07-10:36:46.877265 7f5066bc1700                Options.disable_auto_compactions: 0
2020/03/07-10:36:46.877268 7f5066bc1700                        Options.compaction_style: kCompactionStyleLevel
2020/03/07-10:36:46.877271 7f5066bc1700                          Options.compaction_pri: kMinOverlappingRatio
2020/03/07-10:36:46.877274 7f5066bc1700 Options.compaction_options_universal.size_ratio: 1
2020/03/07-10:36:46.877277 7f5066bc1700 Options.compaction_options_universal.min_merge_width: 2
2020/03/07-10:36:46.877280 7f5066bc1700 Options.compaction_options_universal.max_merge_width: 4294967295
2020/03/07-10:36:46.877283 7f5066bc1700 Options.compaction_options_universal.max_size_amplification_percent: 200
2020/03/07-10:36:46.877286 7f5066bc1700 Options.compaction_options_universal.compression_size_percent: -1
2020/03/07-10:36:46.877289 7f5066bc1700 Options.compaction_options_universal.stop_style: kCompactionStopStyleTotalSize
2020/03/07-10:36:46.877292 7f5066bc1700 Options.compaction_options_fifo.max_table_files_size: 1073741824
2020/03/07-10:36:46.877295 7f5066bc1700 Options.compaction_options_fifo.allow_compaction: 0
2020/03/07-10:36:46.877298 7f5066bc1700                   Options.table_properties_collectors: 
2020/03/07-10:36:46.877301 7f5066bc1700                   Options.inplace_update_support: 0
2020/03/07-10:36:46.877304 7f5066bc1700                 Options.inplace_update_num_locks: 10000
2020/03/07-10:36:46.877307 7f5066bc1700               Options.memtable_prefix_bloom_size_ratio: 0.000000
2020/03/07-10:36:46.877310 7f5066bc1700               Options.memtable_whole_key_filtering: 0
2020/03/07-10:36:46.877313 7f5066bc1700   Options.memtable_huge_page_size: 0
2020/03/07-10:36:46.877316 7f5066bc1700                           Options.bloom_locality: 0
2020/03/07-10:36:46.877319 7f5066bc1700                    Options.max_successive_merges: 0
2020/03/07-10:36:46.877328 7f5066bc1700                Options.optimize_filters_for_hits: 0
2020/03/07-10:36:46.877331 7f5066bc1700                Options.paranoid_file_checks: 0
2020/03/07-10:36:46.877334 7f5066bc1700                Options.force_consistency_checks: 0
2020/03/07-10:36:46.877337 7f5066bc1700                Options.report_bg_io_stats: 0
2020/03/07-10:36:46.877340 7f5066bc1700                               Options.ttl: 2592000
2020/03/07-10:36:46.877343 7f5066bc1700          Options.periodic_compaction_seconds: 0
2020/03/07-10:36:46.877380 7f5066bc1700 [lumn_family.cc:550] --------------- Options for column family [milestone]:
2020/03/07-10:36:46.877384 7f5066bc1700               Options.comparator: leveldb.BytewiseComparator
2020/03/07-10:36:46.877388 7f5066bc1700           Options.merge_operator: StringAppendOperator
2020/03/07-10:36:46.877391 7f5066bc1700        Options.compaction_filter: None
2020/03/07-10:36:46.877394 7f5066bc1700        Options.compaction_filter_factory: None
2020/03/07-10:36:46.877397 7f5066bc1700         Options.memtable_factory: SkipListFactory
2020/03/07-10:36:46.877400 7f5066bc1700            Options.table_factory: BlockBasedTable
2020/03/07-10:36:46.877446 7f5066bc1700            table_factory options:   flush_block_policy_factory: FlushBlockBySizePolicyFactory (0x7f5060aad160)
  cache_index_and_filter_blocks: 0
  cache_index_and_filter_blocks_with_high_priority: 0
  pin_l0_filter_and_index_blocks_in_cache: 0
  pin_top_level_index_and_filter: 1
  index_type: 0
  data_block_index_type: 0
  index_shortening: 1
  data_block_hash_table_util_ratio: 0.750000
  hash_index_allow_collision: 1
  checksum: 1
  no_block_cache: 0
  block_cache: 0x7f5060a959a0
  block_cache_name: LRUCache
  block_cache_options:
    capacity : 102400000
    num_shard_bits : 2
    strict_capacity_limit : 0
    memory_allocator : None
    high_pri_pool_ratio: 0.000
  block_cache_compressed: 0x7f5060a8f2b0
  block_cache_name: LRUCache
  block_cache_compressed_options:
    capacity : 32768
    num_shard_bits : 10
    strict_capacity_limit : 0
    memory_allocator : None
    high_pri_pool_ratio: 0.000
  persistent_cache: (nil)
  block_size: 4096
  block_size_deviation: 10
  block_restart_interval: 16
  index_block_restart_interval: 1
  metadata_block_size: 4096
  partition_filters: 0
  use_delta_encoding: 1
  filter_policy: rocksdb.BuiltinBloomFilter
  whole_key_filtering: 1
  verify_compression: 1
  read_amp_bytes_per_bit: 0
  format_version: 2
  enable_index_compression: 1
  block_align: 0
2020/03/07-10:36:46.877457 7f5066bc1700        Options.write_buffer_size: 2097152
2020/03/07-10:36:46.877460 7f5066bc1700  Options.max_write_buffer_number: 2
2020/03/07-10:36:46.877463 7f5066bc1700          Options.compression: Snappy
2020/03/07-10:36:46.877466 7f5066bc1700                  Options.bottommost_compression: Disabled
2020/03/07-10:36:46.877469 7f5066bc1700       Options.prefix_extractor: nullptr
2020/03/07-10:36:46.877472 7f5066bc1700   Options.memtable_insert_with_hint_prefix_extractor: nullptr
2020/03/07-10:36:46.877475 7f5066bc1700             Options.num_levels: 7
2020/03/07-10:36:46.877478 7f5066bc1700        Options.min_write_buffer_number_to_merge: 1
2020/03/07-10:36:46.877481 7f5066bc1700     Options.max_write_buffer_number_to_maintain: 0
2020/03/07-10:36:46.877484 7f5066bc1700     Options.max_write_buffer_size_to_maintain: 0
2020/03/07-10:36:46.877487 7f5066bc1700            Options.bottommost_compression_opts.window_bits: -14
2020/03/07-10:36:46.877490 7f5066bc1700                  Options.bottommost_compression_opts.level: 32767
2020/03/07-10:36:46.877493 7f5066bc1700               Options.bottommost_compression_opts.strategy: 0
2020/03/07-10:36:46.877495 7f5066bc1700         Options.bottommost_compression_opts.max_dict_bytes: 0
2020/03/07-10:36:46.877498 7f5066bc1700         Options.bottommost_compression_opts.zstd_max_train_bytes: 0
2020/03/07-10:36:46.877501 7f5066bc1700                  Options.bottommost_compression_opts.enabled: false
2020/03/07-10:36:46.877504 7f5066bc1700            Options.compression_opts.window_bits: -14
2020/03/07-10:36:46.877525 7f5066bc1700                  Options.compression_opts.level: 32767
2020/03/07-10:36:46.877528 7f5066bc1700               Options.compression_opts.strategy: 0
2020/03/07-10:36:46.877531 7f5066bc1700         Options.compression_opts.max_dict_bytes: 0
2020/03/07-10:36:46.877534 7f5066bc1700         Options.compression_opts.zstd_max_train_bytes: 0
2020/03/07-10:36:46.877537 7f5066bc1700                  Options.compression_opts.enabled: false
2020/03/07-10:36:46.877540 7f5066bc1700      Options.level0_file_num_compaction_trigger: 4
2020/03/07-10:36:46.877543 7f5066bc1700          Options.level0_slowdown_writes_trigger: 20
2020/03/07-10:36:46.877546 7f5066bc1700              Options.level0_stop_writes_trigger: 36
2020/03/07-10:36:46.877549 7f5066bc1700                   Options.target_file_size_base: 67108864
2020/03/07-10:36:46.877552 7f5066bc1700             Options.target_file_size_multiplier: 1
2020/03/07-10:36:46.877555 7f5066bc1700                Options.max_bytes_for_level_base: 268435456
2020/03/07-10:36:46.877558 7f5066bc1700 Options.level_compaction_dynamic_level_bytes: 0
2020/03/07-10:36:46.877562 7f5066bc1700          Options.max_bytes_for_level_multiplier: 10.000000
2020/03/07-10:36:46.877566 7f5066bc1700 Options.max_bytes_for_level_multiplier_addtl[0]: 1
2020/03/07-10:36:46.877569 7f5066bc1700 Options.max_bytes_for_level_multiplier_addtl[1]: 1
2020/03/07-10:36:46.877572 7f5066bc1700 Options.max_bytes_for_level_multiplier_addtl[2]: 1
2020/03/07-10:36:46.877575 7f5066bc1700 Options.max_bytes_for_level_multiplier_addtl[3]: 1
2020/03/07-10:36:46.877578 7f5066bc1700 Options.max_bytes_for_level_multiplier_addtl[4]: 1
2020/03/07-10:36:46.877581 7f5066bc1700 Options.max_bytes_for_level_multiplier_addtl[5]: 1
2020/03/07-10:36:46.877584 7f5066bc1700 Options.max_bytes_for_level_multiplier_addtl[6]: 1
2020/03/07-10:36:46.877587 7f5066bc1700       Options.max_sequential_skip_in_iterations: 8
2020/03/07-10:36:46.877590 7f5066bc1700                    Options.max_compaction_bytes: 1677721600
2020/03/07-10:36:46.877593 7f5066bc1700                        Options.arena_block_size: 262144
2020/03/07-10:36:46.877596 7f5066bc1700   Options.soft_pending_compaction_bytes_limit: 68719476736
2020/03/07-10:36:46.877599 7f5066bc1700   Options.hard_pending_compaction_bytes_limit: 274877906944
2020/03/07-10:36:46.877602 7f5066bc1700       Options.rate_limit_delay_max_milliseconds: 100
2020/03/07-10:36:46.877604 7f5066bc1700                Options.disable_auto_compactions: 0
2020/03/07-10:36:46.877608 7f5066bc1700                        Options.compaction_style: kCompactionStyleLevel
2020/03/07-10:36:46.877611 7f5066bc1700                          Options.compaction_pri: kMinOverlappingRatio
2020/03/07-10:36:46.877614 7f5066bc1700 Options.compaction_options_universal.size_ratio: 1
2020/03/07-10:36:46.877617 7f5066bc1700 Options.compaction_options_universal.min_merge_width: 2
2020/03/07-10:36:46.877619 7f5066bc1700 Options.compaction_options_universal.max_merge_width: 4294967295
2020/03/07-10:36:46.877622 7f5066bc1700 Options.compaction_options_universal.max_size_amplification_percent: 200
2020/03/07-10:36:46.877625 7f5066bc1700 Options.compaction_options_universal.compression_size_percent: -1
2020/03/07-10:36:46.877628 7f5066bc1700 Options.compaction_options_universal.stop_style: kCompactionStopStyleTotalSize
2020/03/07-10:36:46.877632 7f5066bc1700 Options.compaction_options_fifo.max_table_files_size: 1073741824
2020/03/07-10:36:46.877634 7f5066bc1700 Options.compaction_options_fifo.allow_compaction: 0
2020/03/07-10:36:46.877637 7f5066bc1700                   Options.table_properties_collectors: 
2020/03/07-10:36:46.877640 7f5066bc1700                   Options.inplace_update_support: 0
2020/03/07-10:36:46.877643 7f5066bc1700                 Options.inplace_update_num_locks: 10000
2020/03/07-10:36:46.877647 7f5066bc1700               Options.memtable_prefix_bloom_size_ratio: 0.000000
2020/03/07-10:36:46.877650 7f5066bc1700               Options.memtable_whole_key_filtering: 0
2020/03/07-10:36:46.877660 7f5066bc1700   Options.memtable_huge_page_size: 0
2020/03/07-10:36:46.877663 7f5066bc1700                           Options.bloom_locality: 0
2020/03/07-10:36:46.877666 7f5066bc1700                    Options.max_successive_merges: 0
2020/03/07-10:36:46.877668 7f5066bc1700                Options.optimize_filters_for_hits: 0
2020/03/07-10:36:46.877671 7f5066bc1700                Options.paranoid_file_checks: 0
2020/03/07-10:36:46.877674 7f5066bc1700                Options.force_consistency_checks: 0
2020/03/07-10:36:46.877677 7f5066bc1700                Options.report_bg_io_stats: 0
2020/03/07-10:36:46.877680 7f5066bc1700                               Options.ttl: 2592000
2020/03/07-10:36:46.877683 7f5066bc1700          Options.periodic_compaction_seconds: 0
2020/03/07-10:36:46.877733 7f5066bc1700 [lumn_family.cc:550] --------------- Options for column family [stateDiff]:
2020/03/07-10:36:46.877737 7f5066bc1700               Options.comparator: leveldb.BytewiseComparator
2020/03/07-10:36:46.877741 7f5066bc1700           Options.merge_operator: StringAppendOperator
2020/03/07-10:36:46.877744 7f5066bc1700        Options.compaction_filter: None
2020/03/07-10:36:46.877747 7f5066bc1700        Options.compaction_filter_factory: None
2020/03/07-10:36:46.877750 7f5066bc1700         Options.memtable_factory: SkipListFactory
2020/03/07-10:36:46.877753 7f5066bc1700            Options.table_factory: BlockBasedTable
2020/03/07-10:36:46.877800 7f5066bc1700            table_factory options:   flush_block_policy_factory: FlushBlockBySizePolicyFactory (0x7f5060aad160)
  cache_index_and_filter_blocks: 0
  cache_index_and_filter_blocks_with_high_priority: 0
  pin_l0_filter_and_index_blocks_in_cache: 0
  pin_top_level_index_and_filter: 1
  index_type: 0
  data_block_index_type: 0
  index_shortening: 1
  data_block_hash_table_util_ratio: 0.750000
  hash_index_allow_collision: 1
  checksum: 1
  no_block_cache: 0
  block_cache: 0x7f5060a959a0
  block_cache_name: LRUCache
  block_cache_options:
    capacity : 102400000
    num_shard_bits : 2
    strict_capacity_limit : 0
    memory_allocator : None
    high_pri_pool_ratio: 0.000
  block_cache_compressed: 0x7f5060a8f2b0
  block_cache_name: LRUCache
  block_cache_compressed_options:
    capacity : 32768
    num_shard_bits : 10
    strict_capacity_limit : 0
    memory_allocator : None
    high_pri_pool_ratio: 0.000
  persistent_cache: (nil)
  block_size: 4096
  block_size_deviation: 10
  block_restart_interval: 16
  index_block_restart_interval: 1
  metadata_block_size: 4096
  partition_filters: 0
  use_delta_encoding: 1
  filter_policy: rocksdb.BuiltinBloomFilter
  whole_key_filtering: 1
  verify_compression: 1
  read_amp_bytes_per_bit: 0
  format_version: 2
  enable_index_compression: 1
  block_align: 0
2020/03/07-10:36:46.877811 7f5066bc1700        Options.write_buffer_size: 2097152
2020/03/07-10:36:46.877814 7f5066bc1700  Options.max_write_buffer_number: 2
2020/03/07-10:36:46.877817 7f5066bc1700          Options.compression: Snappy
2020/03/07-10:36:46.877820 7f5066bc1700                  Options.bottommost_compression: Disabled
2020/03/07-10:36:46.877823 7f5066bc1700       Options.prefix_extractor: nullptr
2020/03/07-10:36:46.877826 7f5066bc1700   Options.memtable_insert_with_hint_prefix_extractor: nullptr
2020/03/07-10:36:46.877829 7f5066bc1700             Options.num_levels: 7
2020/03/07-10:36:46.877831 7f5066bc1700        Options.min_write_buffer_number_to_merge: 1
2020/03/07-10:36:46.877834 7f5066bc1700     Options.max_write_buffer_number_to_maintain: 0
2020/03/07-10:36:46.877837 7f5066bc1700     Options.max_write_buffer_size_to_maintain: 0
2020/03/07-10:36:46.877840 7f5066bc1700            Options.bottommost_compression_opts.window_bits: -14
2020/03/07-10:36:46.877843 7f5066bc1700                  Options.bottommost_compression_opts.level: 32767
2020/03/07-10:36:46.877846 7f5066bc1700               Options.bottommost_compression_opts.strategy: 0
2020/03/07-10:36:46.877849 7f5066bc1700         Options.bottommost_compression_opts.max_dict_bytes: 0
2020/03/07-10:36:46.877862 7f5066bc1700         Options.bottommost_compression_opts.zstd_max_train_bytes: 0
2020/03/07-10:36:46.877865 7f5066bc1700                  Options.bottommost_compression_opts.enabled: false
2020/03/07-10:36:46.877868 7f5066bc1700            Options.compression_opts.window_bits: -14
2020/03/07-10:36:46.877871 7f5066bc1700                  Options.compression_opts.level: 32767
2020/03/07-10:36:46.877873 7f5066bc1700               Options.compression_opts.strategy: 0
2020/03/07-10:36:46.877876 7f5066bc1700         Options.compression_opts.max_dict_bytes: 0
2020/03/07-10:36:46.877879 7f5066bc1700         Options.compression_opts.zstd_max_train_bytes: 0
2020/03/07-10:36:46.877882 7f5066bc1700                  Options.compression_opts.enabled: false
2020/03/07-10:36:46.877885 7f5066bc1700      Options.level0_file_num_compaction_trigger: 4
2020/03/07-10:36:46.877888 7f5066bc1700          Options.level0_slowdown_writes_trigger: 20
2020/03/07-10:36:46.877891 7f5066bc1700              Options.level0_stop_writes_trigger: 36
2020/03/07-10:36:46.877893 7f5066bc1700                   Options.target_file_size_base: 67108864
2020/03/07-10:36:46.877896 7f5066bc1700             Options.target_file_size_multiplier: 1
2020/03/07-10:36:46.877899 7f5066bc1700                Options.max_bytes_for_level_base: 268435456
2020/03/07-10:36:46.877902 7f5066bc1700 Options.level_compaction_dynamic_level_bytes: 0
2020/03/07-10:36:46.877906 7f5066bc1700          Options.max_bytes_for_level_multiplier: 10.000000
2020/03/07-10:36:46.877909 7f5066bc1700 Options.max_bytes_for_level_multiplier_addtl[0]: 1
2020/03/07-10:36:46.877912 7f5066bc1700 Options.max_bytes_for_level_multiplier_addtl[1]: 1
2020/03/07-10:36:46.877915 7f5066bc1700 Options.max_bytes_for_level_multiplier_addtl[2]: 1
2020/03/07-10:36:46.877918 7f5066bc1700 Options.max_bytes_for_level_multiplier_addtl[3]: 1
2020/03/07-10:36:46.877921 7f5066bc1700 Options.max_bytes_for_level_multiplier_addtl[4]: 1
2020/03/07-10:36:46.877924 7f5066bc1700 Options.max_bytes_for_level_multiplier_addtl[5]: 1
2020/03/07-10:36:46.877928 7f5066bc1700 Options.max_bytes_for_level_multiplier_addtl[6]: 1
2020/03/07-10:36:46.877931 7f5066bc1700       Options.max_sequential_skip_in_iterations: 8
2020/03/07-10:36:46.877934 7f5066bc1700                    Options.max_compaction_bytes: 1677721600
2020/03/07-10:36:46.877936 7f5066bc1700                        Options.arena_block_size: 262144
2020/03/07-10:36:46.877939 7f5066bc1700   Options.soft_pending_compaction_bytes_limit: 68719476736
2020/03/07-10:36:46.877943 7f5066bc1700   Options.hard_pending_compaction_bytes_limit: 274877906944
2020/03/07-10:36:46.877945 7f5066bc1700       Options.rate_limit_delay_max_milliseconds: 100
2020/03/07-10:36:46.877948 7f5066bc1700                Options.disable_auto_compactions: 0
2020/03/07-10:36:46.877951 7f5066bc1700                        Options.compaction_style: kCompactionStyleLevel
