2020/03/10-16:43:27.349969 7f5fcdf11700 RocksDB version: 6.6.4
2020/03/10-16:43:27.350009 7f5fcdf11700 Git sha rocksdb_build_git_sha:
2020/03/10-16:43:27.350012 7f5fcdf11700 Compile date Feb 12 2020
2020/03/10-16:43:27.350014 7f5fcdf11700 DB SUMMARY
2020/03/10-16:43:27.350298 7f5fcdf11700 CURRENT file:  CURRENT
2020/03/10-16:43:27.350300 7f5fcdf11700 IDENTITY file:  IDENTITY
2020/03/10-16:43:27.350316 7f5fcdf11700 MANIFEST file:  MANIFEST-001765 size: 8741 Bytes
2020/03/10-16:43:27.350320 7f5fcdf11700 SST files in testnetdb dir, Total Num: 126, files: 000049.sst 000077.sst 000087.sst 000097.sst 000117.sst 000144.sst 000157.sst 000171.sst 000190.sst 
2020/03/10-16:43:27.350323 7f5fcdf11700 Write Ahead Log file in testnetdb: 001766.log size: 19378 ; 
2020/03/10-16:43:27.350337 7f5fcdf11700                         Options.error_if_exists: 0
2020/03/10-16:43:27.350339 7f5fcdf11700                       Options.create_if_missing: 1
2020/03/10-16:43:27.350341 7f5fcdf11700                         Options.paranoid_checks: 1
2020/03/10-16:43:27.350343 7f5fcdf11700                                     Options.env: 0x7f5f1556c020
2020/03/10-16:43:27.350345 7f5fcdf11700                                Options.info_log: 0x7f5fc8b2f3f0
2020/03/10-16:43:27.350347 7f5fcdf11700                Options.max_file_opening_threads: 16
2020/03/10-16:43:27.350349 7f5fcdf11700                              Options.statistics: (nil)
2020/03/10-16:43:27.350350 7f5fcdf11700                               Options.use_fsync: 0
2020/03/10-16:43:27.350352 7f5fcdf11700                       Options.max_log_file_size: 1048576
2020/03/10-16:43:27.350354 7f5fcdf11700                  Options.max_manifest_file_size: 1048576
2020/03/10-16:43:27.350356 7f5fcdf11700                   Options.log_file_time_to_roll: 0
2020/03/10-16:43:27.350357 7f5fcdf11700                       Options.keep_log_file_num: 1000
2020/03/10-16:43:27.350359 7f5fcdf11700                    Options.recycle_log_file_num: 0
2020/03/10-16:43:27.350361 7f5fcdf11700                         Options.allow_fallocate: 1
2020/03/10-16:43:27.350362 7f5fcdf11700                        Options.allow_mmap_reads: 0
2020/03/10-16:43:27.350364 7f5fcdf11700                       Options.allow_mmap_writes: 0
2020/03/10-16:43:27.350366 7f5fcdf11700                        Options.use_direct_reads: 0
2020/03/10-16:43:27.350367 7f5fcdf11700                        Options.use_direct_io_for_flush_and_compaction: 0
2020/03/10-16:43:27.350369 7f5fcdf11700          Options.create_missing_column_families: 1
2020/03/10-16:43:27.350371 7f5fcdf11700                              Options.db_log_dir: 
2020/03/10-16:43:27.350373 7f5fcdf11700                                 Options.wal_dir: testnetdb
2020/03/10-16:43:27.350374 7f5fcdf11700                Options.table_cache_numshardbits: 6
2020/03/10-16:43:27.350376 7f5fcdf11700                      Options.max_subcompactions: 30
2020/03/10-16:43:27.350378 7f5fcdf11700                  Options.max_background_flushes: -1
2020/03/10-16:43:27.350380 7f5fcdf11700                         Options.WAL_ttl_seconds: 0
2020/03/10-16:43:27.350381 7f5fcdf11700                       Options.WAL_size_limit_MB: 0
2020/03/10-16:43:27.350383 7f5fcdf11700                        Options.max_write_batch_group_size_bytes: 1048576
2020/03/10-16:43:27.350385 7f5fcdf11700             Options.manifest_preallocation_size: 4194304
2020/03/10-16:43:27.350387 7f5fcdf11700                     Options.is_fd_close_on_exec: 1
2020/03/10-16:43:27.350389 7f5fcdf11700                   Options.advise_random_on_open: 1
2020/03/10-16:43:27.350390 7f5fcdf11700                    Options.db_write_buffer_size: 0
2020/03/10-16:43:27.350392 7f5fcdf11700                    Options.write_buffer_manager: 0x7f5fc8ae1290
2020/03/10-16:43:27.350394 7f5fcdf11700         Options.access_hint_on_compaction_start: 1
2020/03/10-16:43:27.350396 7f5fcdf11700  Options.new_table_reader_for_compaction_inputs: 0
2020/03/10-16:43:27.350398 7f5fcdf11700           Options.random_access_max_buffer_size: 1048576
2020/03/10-16:43:27.350399 7f5fcdf11700                      Options.use_adaptive_mutex: 0
2020/03/10-16:43:27.350401 7f5fcdf11700                            Options.rate_limiter: (nil)
2020/03/10-16:43:27.350412 7f5fcdf11700     Options.sst_file_manager.rate_bytes_per_sec: 0
2020/03/10-16:43:27.350414 7f5fcdf11700                       Options.wal_recovery_mode: 2
2020/03/10-16:43:27.350415 7f5fcdf11700                  Options.enable_thread_tracking: 0
2020/03/10-16:43:27.350417 7f5fcdf11700                  Options.enable_pipelined_write: 0
2020/03/10-16:43:27.350419 7f5fcdf11700                  Options.unordered_write: 0
2020/03/10-16:43:27.350420 7f5fcdf11700         Options.allow_concurrent_memtable_write: 1
2020/03/10-16:43:27.350422 7f5fcdf11700      Options.enable_write_thread_adaptive_yield: 1
2020/03/10-16:43:27.350424 7f5fcdf11700             Options.write_thread_max_yield_usec: 100
2020/03/10-16:43:27.350425 7f5fcdf11700            Options.write_thread_slow_yield_usec: 3
2020/03/10-16:43:27.350427 7f5fcdf11700                               Options.row_cache: None
2020/03/10-16:43:27.350429 7f5fcdf11700                              Options.wal_filter: None
2020/03/10-16:43:27.350431 7f5fcdf11700             Options.avoid_flush_during_recovery: 0
2020/03/10-16:43:27.350432 7f5fcdf11700             Options.allow_ingest_behind: 0
2020/03/10-16:43:27.350434 7f5fcdf11700             Options.preserve_deletes: 0
2020/03/10-16:43:27.350436 7f5fcdf11700             Options.two_write_queues: 0
2020/03/10-16:43:27.350437 7f5fcdf11700             Options.manual_wal_flush: 0
2020/03/10-16:43:27.350439 7f5fcdf11700             Options.atomic_flush: 0
2020/03/10-16:43:27.350440 7f5fcdf11700             Options.avoid_unnecessary_blocking_io: 0
2020/03/10-16:43:27.350442 7f5fcdf11700                 Options.persist_stats_to_disk: 0
2020/03/10-16:43:27.350444 7f5fcdf11700                 Options.write_dbid_to_manifest: 0
2020/03/10-16:43:27.350446 7f5fcdf11700                 Options.log_readahead_size: 0
2020/03/10-16:43:27.350447 7f5fcdf11700             Options.max_background_jobs: 2
2020/03/10-16:43:27.350449 7f5fcdf11700             Options.max_background_compactions: 1
2020/03/10-16:43:27.350451 7f5fcdf11700             Options.avoid_flush_during_shutdown: 0
2020/03/10-16:43:27.350452 7f5fcdf11700           Options.writable_file_max_buffer_size: 1048576
2020/03/10-16:43:27.350454 7f5fcdf11700             Options.delayed_write_rate : 16777216
2020/03/10-16:43:27.350456 7f5fcdf11700             Options.max_total_wal_size: 0
2020/03/10-16:43:27.350457 7f5fcdf11700             Options.delete_obsolete_files_period_micros: 21600000000
2020/03/10-16:43:27.350459 7f5fcdf11700                   Options.stats_dump_period_sec: 600
2020/03/10-16:43:27.350461 7f5fcdf11700                 Options.stats_persist_period_sec: 600
2020/03/10-16:43:27.350463 7f5fcdf11700                 Options.stats_history_buffer_size: 1048576
2020/03/10-16:43:27.350464 7f5fcdf11700                          Options.max_open_files: 10000
2020/03/10-16:43:27.350466 7f5fcdf11700                          Options.bytes_per_sync: 0
2020/03/10-16:43:27.350468 7f5fcdf11700                      Options.wal_bytes_per_sync: 0
2020/03/10-16:43:27.350469 7f5fcdf11700                   Options.strict_bytes_per_sync: 0
2020/03/10-16:43:27.350471 7f5fcdf11700       Options.compaction_readahead_size: 0
2020/03/10-16:43:27.350472 7f5fcdf11700 Compression algorithms supported:
2020/03/10-16:43:27.350475 7f5fcdf11700 	kZSTDNotFinalCompression supported: 1
2020/03/10-16:43:27.350477 7f5fcdf11700 	kZSTD supported: 1
2020/03/10-16:43:27.350479 7f5fcdf11700 	kXpressCompression supported: 0
2020/03/10-16:43:27.350481 7f5fcdf11700 	kLZ4HCCompression supported: 1
2020/03/10-16:43:27.350483 7f5fcdf11700 	kLZ4Compression supported: 1
2020/03/10-16:43:27.350485 7f5fcdf11700 	kBZip2Compression supported: 1
2020/03/10-16:43:27.350487 7f5fcdf11700 	kZlibCompression supported: 1
2020/03/10-16:43:27.350489 7f5fcdf11700 	kSnappyCompression supported: 1
2020/03/10-16:43:27.350491 7f5fcdf11700 Fast CRC32 supported: Not supported on x86
2020/03/10-16:43:27.350625 7f5fcdf11700 [rsion_set.cc:4377] Recovering from manifest file: testnetdb/MANIFEST-001765
2020/03/10-16:43:27.350687 7f5fcdf11700 [lumn_family.cc:550] --------------- Options for column family [default]:
2020/03/10-16:43:27.350690 7f5fcdf11700               Options.comparator: leveldb.BytewiseComparator
2020/03/10-16:43:27.350693 7f5fcdf11700           Options.merge_operator: StringAppendOperator
2020/03/10-16:43:27.350695 7f5fcdf11700        Options.compaction_filter: None
2020/03/10-16:43:27.350697 7f5fcdf11700        Options.compaction_filter_factory: None
2020/03/10-16:43:27.350699 7f5fcdf11700         Options.memtable_factory: SkipListFactory
2020/03/10-16:43:27.350701 7f5fcdf11700            Options.table_factory: BlockBasedTable
2020/03/10-16:43:27.350740 7f5fcdf11700            table_factory options:   flush_block_policy_factory: FlushBlockBySizePolicyFactory (0x7f5fc8adaf80)
  cache_index_and_filter_blocks: 0
  cache_index_and_filter_blocks_with_high_priority: 0
  pin_l0_filter_and_index_blocks_in_cache: 0
  pin_top_level_index_and_filter: 1
  index_type: 0
  data_block_index_type: 0
  index_shortening: 1
  data_block_hash_table_util_ratio: 0.750000
  hash_index_allow_collision: 1
  checksum: 1
  no_block_cache: 0
  block_cache: 0x7f5fc8ad14f0
  block_cache_name: LRUCache
  block_cache_options:
    capacity : 102400000
    num_shard_bits : 2
    strict_capacity_limit : 0
    memory_allocator : None
    high_pri_pool_ratio: 0.000
  block_cache_compressed: 0x7f5fc8acf980
  block_cache_name: LRUCache
  block_cache_compressed_options:
    capacity : 32768
    num_shard_bits : 10
    strict_capacity_limit : 0
    memory_allocator : None
    high_pri_pool_ratio: 0.000
  persistent_cache: (nil)
  block_size: 4096
  block_size_deviation: 10
  block_restart_interval: 16
  index_block_restart_interval: 1
  metadata_block_size: 4096
  partition_filters: 0
  use_delta_encoding: 1
  filter_policy: rocksdb.BuiltinBloomFilter
  whole_key_filtering: 1
  verify_compression: 1
  read_amp_bytes_per_bit: 0
  format_version: 2
  enable_index_compression: 1
  block_align: 0
2020/03/10-16:43:27.350748 7f5fcdf11700        Options.write_buffer_size: 2097152
2020/03/10-16:43:27.350750 7f5fcdf11700  Options.max_write_buffer_number: 2
2020/03/10-16:43:27.350752 7f5fcdf11700          Options.compression: Snappy
2020/03/10-16:43:27.350754 7f5fcdf11700                  Options.bottommost_compression: Disabled
2020/03/10-16:43:27.350756 7f5fcdf11700       Options.prefix_extractor: nullptr
2020/03/10-16:43:27.350758 7f5fcdf11700   Options.memtable_insert_with_hint_prefix_extractor: nullptr
2020/03/10-16:43:27.350760 7f5fcdf11700             Options.num_levels: 7
2020/03/10-16:43:27.350761 7f5fcdf11700        Options.min_write_buffer_number_to_merge: 1
2020/03/10-16:43:27.350763 7f5fcdf11700     Options.max_write_buffer_number_to_maintain: 0
2020/03/10-16:43:27.350765 7f5fcdf11700     Options.max_write_buffer_size_to_maintain: 0
2020/03/10-16:43:27.350767 7f5fcdf11700            Options.bottommost_compression_opts.window_bits: -14
2020/03/10-16:43:27.350768 7f5fcdf11700                  Options.bottommost_compression_opts.level: 32767
2020/03/10-16:43:27.350770 7f5fcdf11700               Options.bottommost_compression_opts.strategy: 0
2020/03/10-16:43:27.350772 7f5fcdf11700         Options.bottommost_compression_opts.max_dict_bytes: 0
2020/03/10-16:43:27.350773 7f5fcdf11700         Options.bottommost_compression_opts.zstd_max_train_bytes: 0
2020/03/10-16:43:27.350775 7f5fcdf11700                  Options.bottommost_compression_opts.enabled: false
2020/03/10-16:43:27.350777 7f5fcdf11700            Options.compression_opts.window_bits: -14
2020/03/10-16:43:27.350779 7f5fcdf11700                  Options.compression_opts.level: 32767
2020/03/10-16:43:27.350780 7f5fcdf11700               Options.compression_opts.strategy: 0
2020/03/10-16:43:27.350782 7f5fcdf11700         Options.compression_opts.max_dict_bytes: 0
2020/03/10-16:43:27.350784 7f5fcdf11700         Options.compression_opts.zstd_max_train_bytes: 0
2020/03/10-16:43:27.350785 7f5fcdf11700                  Options.compression_opts.enabled: false
2020/03/10-16:43:27.350794 7f5fcdf11700      Options.level0_file_num_compaction_trigger: 4
2020/03/10-16:43:27.350796 7f5fcdf11700          Options.level0_slowdown_writes_trigger: 20
2020/03/10-16:43:27.350798 7f5fcdf11700              Options.level0_stop_writes_trigger: 36
2020/03/10-16:43:27.350799 7f5fcdf11700                   Options.target_file_size_base: 67108864
2020/03/10-16:43:27.350801 7f5fcdf11700             Options.target_file_size_multiplier: 1
2020/03/10-16:43:27.350803 7f5fcdf11700                Options.max_bytes_for_level_base: 268435456
2020/03/10-16:43:27.350805 7f5fcdf11700 Options.level_compaction_dynamic_level_bytes: 0
2020/03/10-16:43:27.350808 7f5fcdf11700          Options.max_bytes_for_level_multiplier: 10.000000
2020/03/10-16:43:27.350810 7f5fcdf11700 Options.max_bytes_for_level_multiplier_addtl[0]: 1
2020/03/10-16:43:27.350812 7f5fcdf11700 Options.max_bytes_for_level_multiplier_addtl[1]: 1
2020/03/10-16:43:27.350814 7f5fcdf11700 Options.max_bytes_for_level_multiplier_addtl[2]: 1
2020/03/10-16:43:27.350815 7f5fcdf11700 Options.max_bytes_for_level_multiplier_addtl[3]: 1
2020/03/10-16:43:27.350817 7f5fcdf11700 Options.max_bytes_for_level_multiplier_addtl[4]: 1
2020/03/10-16:43:27.350819 7f5fcdf11700 Options.max_bytes_for_level_multiplier_addtl[5]: 1
2020/03/10-16:43:27.350821 7f5fcdf11700 Options.max_bytes_for_level_multiplier_addtl[6]: 1
2020/03/10-16:43:27.350823 7f5fcdf11700       Options.max_sequential_skip_in_iterations: 8
2020/03/10-16:43:27.350825 7f5fcdf11700                    Options.max_compaction_bytes: 1677721600
2020/03/10-16:43:27.350827 7f5fcdf11700                        Options.arena_block_size: 262144
2020/03/10-16:43:27.350829 7f5fcdf11700   Options.soft_pending_compaction_bytes_limit: 68719476736
2020/03/10-16:43:27.350831 7f5fcdf11700   Options.hard_pending_compaction_bytes_limit: 274877906944
2020/03/10-16:43:27.350833 7f5fcdf11700       Options.rate_limit_delay_max_milliseconds: 100
2020/03/10-16:43:27.350834 7f5fcdf11700                Options.disable_auto_compactions: 0
2020/03/10-16:43:27.350837 7f5fcdf11700                        Options.compaction_style: kCompactionStyleLevel
2020/03/10-16:43:27.350839 7f5fcdf11700                          Options.compaction_pri: kMinOverlappingRatio
2020/03/10-16:43:27.350841 7f5fcdf11700 Options.compaction_options_universal.size_ratio: 1
2020/03/10-16:43:27.350843 7f5fcdf11700 Options.compaction_options_universal.min_merge_width: 2
2020/03/10-16:43:27.350844 7f5fcdf11700 Options.compaction_options_universal.max_merge_width: 4294967295
2020/03/10-16:43:27.350846 7f5fcdf11700 Options.compaction_options_universal.max_size_amplification_percent: 200
2020/03/10-16:43:27.350848 7f5fcdf11700 Options.compaction_options_universal.compression_size_percent: -1
2020/03/10-16:43:27.350850 7f5fcdf11700 Options.compaction_options_universal.stop_style: kCompactionStopStyleTotalSize
2020/03/10-16:43:27.350852 7f5fcdf11700 Options.compaction_options_fifo.max_table_files_size: 1073741824
2020/03/10-16:43:27.350854 7f5fcdf11700 Options.compaction_options_fifo.allow_compaction: 0
2020/03/10-16:43:27.350855 7f5fcdf11700                   Options.table_properties_collectors: 
2020/03/10-16:43:27.350857 7f5fcdf11700                   Options.inplace_update_support: 0
2020/03/10-16:43:27.350859 7f5fcdf11700                 Options.inplace_update_num_locks: 10000
2020/03/10-16:43:27.350861 7f5fcdf11700               Options.memtable_prefix_bloom_size_ratio: 0.000000
2020/03/10-16:43:27.350863 7f5fcdf11700               Options.memtable_whole_key_filtering: 0
2020/03/10-16:43:27.350864 7f5fcdf11700   Options.memtable_huge_page_size: 0
2020/03/10-16:43:27.350866 7f5fcdf11700                           Options.bloom_locality: 0
2020/03/10-16:43:27.350868 7f5fcdf11700                    Options.max_successive_merges: 0
2020/03/10-16:43:27.350869 7f5fcdf11700                Options.optimize_filters_for_hits: 0
2020/03/10-16:43:27.350871 7f5fcdf11700                Options.paranoid_file_checks: 0
2020/03/10-16:43:27.350873 7f5fcdf11700                Options.force_consistency_checks: 0
2020/03/10-16:43:27.350881 7f5fcdf11700                Options.report_bg_io_stats: 0
2020/03/10-16:43:27.350883 7f5fcdf11700                               Options.ttl: 2592000
2020/03/10-16:43:27.350884 7f5fcdf11700          Options.periodic_compaction_seconds: 0
2020/03/10-16:43:27.350938 7f5fcdf11700 [lumn_family.cc:550] --------------- Options for column family [transaction]:
2020/03/10-16:43:27.350941 7f5fcdf11700               Options.comparator: leveldb.BytewiseComparator
2020/03/10-16:43:27.350944 7f5fcdf11700           Options.merge_operator: StringAppendOperator
2020/03/10-16:43:27.350946 7f5fcdf11700        Options.compaction_filter: None
2020/03/10-16:43:27.350948 7f5fcdf11700        Options.compaction_filter_factory: None
2020/03/10-16:43:27.350950 7f5fcdf11700         Options.memtable_factory: SkipListFactory
2020/03/10-16:43:27.350952 7f5fcdf11700            Options.table_factory: BlockBasedTable
2020/03/10-16:43:27.350983 7f5fcdf11700            table_factory options:   flush_block_policy_factory: FlushBlockBySizePolicyFactory (0x7f5fc8adaf80)
  cache_index_and_filter_blocks: 0
  cache_index_and_filter_blocks_with_high_priority: 0
  pin_l0_filter_and_index_blocks_in_cache: 0
  pin_top_level_index_and_filter: 1
  index_type: 0
  data_block_index_type: 0
  index_shortening: 1
  data_block_hash_table_util_ratio: 0.750000
  hash_index_allow_collision: 1
  checksum: 1
  no_block_cache: 0
  block_cache: 0x7f5fc8ad14f0
  block_cache_name: LRUCache
  block_cache_options:
    capacity : 102400000
    num_shard_bits : 2
    strict_capacity_limit : 0
    memory_allocator : None
    high_pri_pool_ratio: 0.000
  block_cache_compressed: 0x7f5fc8acf980
  block_cache_name: LRUCache
  block_cache_compressed_options:
    capacity : 32768
    num_shard_bits : 10
    strict_capacity_limit : 0
    memory_allocator : None
    high_pri_pool_ratio: 0.000
  persistent_cache: (nil)
  block_size: 4096
  block_size_deviation: 10
  block_restart_interval: 16
  index_block_restart_interval: 1
  metadata_block_size: 4096
  partition_filters: 0
  use_delta_encoding: 1
  filter_policy: rocksdb.BuiltinBloomFilter
  whole_key_filtering: 1
  verify_compression: 1
  read_amp_bytes_per_bit: 0
  format_version: 2
  enable_index_compression: 1
  block_align: 0
2020/03/10-16:43:27.350991 7f5fcdf11700        Options.write_buffer_size: 2097152
2020/03/10-16:43:27.350993 7f5fcdf11700  Options.max_write_buffer_number: 2
2020/03/10-16:43:27.350995 7f5fcdf11700          Options.compression: Snappy
2020/03/10-16:43:27.350996 7f5fcdf11700                  Options.bottommost_compression: Disabled
2020/03/10-16:43:27.350998 7f5fcdf11700       Options.prefix_extractor: nullptr
2020/03/10-16:43:27.351000 7f5fcdf11700   Options.memtable_insert_with_hint_prefix_extractor: nullptr
2020/03/10-16:43:27.351002 7f5fcdf11700             Options.num_levels: 7
2020/03/10-16:43:27.351003 7f5fcdf11700        Options.min_write_buffer_number_to_merge: 1
2020/03/10-16:43:27.351005 7f5fcdf11700     Options.max_write_buffer_number_to_maintain: 0
2020/03/10-16:43:27.351007 7f5fcdf11700     Options.max_write_buffer_size_to_maintain: 0
2020/03/10-16:43:27.351008 7f5fcdf11700            Options.bottommost_compression_opts.window_bits: -14
2020/03/10-16:43:27.351010 7f5fcdf11700                  Options.bottommost_compression_opts.level: 32767
2020/03/10-16:43:27.351012 7f5fcdf11700               Options.bottommost_compression_opts.strategy: 0
2020/03/10-16:43:27.351013 7f5fcdf11700         Options.bottommost_compression_opts.max_dict_bytes: 0
2020/03/10-16:43:27.351015 7f5fcdf11700         Options.bottommost_compression_opts.zstd_max_train_bytes: 0
2020/03/10-16:43:27.351017 7f5fcdf11700                  Options.bottommost_compression_opts.enabled: false
2020/03/10-16:43:27.351019 7f5fcdf11700            Options.compression_opts.window_bits: -14
2020/03/10-16:43:27.351020 7f5fcdf11700                  Options.compression_opts.level: 32767
2020/03/10-16:43:27.351022 7f5fcdf11700               Options.compression_opts.strategy: 0
2020/03/10-16:43:27.351030 7f5fcdf11700         Options.compression_opts.max_dict_bytes: 0
2020/03/10-16:43:27.351032 7f5fcdf11700         Options.compression_opts.zstd_max_train_bytes: 0
2020/03/10-16:43:27.351034 7f5fcdf11700                  Options.compression_opts.enabled: false
2020/03/10-16:43:27.351035 7f5fcdf11700      Options.level0_file_num_compaction_trigger: 4
2020/03/10-16:43:27.351037 7f5fcdf11700          Options.level0_slowdown_writes_trigger: 20
2020/03/10-16:43:27.351039 7f5fcdf11700              Options.level0_stop_writes_trigger: 36
2020/03/10-16:43:27.351040 7f5fcdf11700                   Options.target_file_size_base: 67108864
2020/03/10-16:43:27.351042 7f5fcdf11700             Options.target_file_size_multiplier: 1
2020/03/10-16:43:27.351044 7f5fcdf11700                Options.max_bytes_for_level_base: 268435456
2020/03/10-16:43:27.351046 7f5fcdf11700 Options.level_compaction_dynamic_level_bytes: 0
2020/03/10-16:43:27.351048 7f5fcdf11700          Options.max_bytes_for_level_multiplier: 10.000000
2020/03/10-16:43:27.351050 7f5fcdf11700 Options.max_bytes_for_level_multiplier_addtl[0]: 1
2020/03/10-16:43:27.351052 7f5fcdf11700 Options.max_bytes_for_level_multiplier_addtl[1]: 1
2020/03/10-16:43:27.351054 7f5fcdf11700 Options.max_bytes_for_level_multiplier_addtl[2]: 1
2020/03/10-16:43:27.351056 7f5fcdf11700 Options.max_bytes_for_level_multiplier_addtl[3]: 1
2020/03/10-16:43:27.351057 7f5fcdf11700 Options.max_bytes_for_level_multiplier_addtl[4]: 1
2020/03/10-16:43:27.351059 7f5fcdf11700 Options.max_bytes_for_level_multiplier_addtl[5]: 1
2020/03/10-16:43:27.351061 7f5fcdf11700 Options.max_bytes_for_level_multiplier_addtl[6]: 1
2020/03/10-16:43:27.351062 7f5fcdf11700       Options.max_sequential_skip_in_iterations: 8
2020/03/10-16:43:27.351064 7f5fcdf11700                    Options.max_compaction_bytes: 1677721600
2020/03/10-16:43:27.351066 7f5fcdf11700                        Options.arena_block_size: 262144
2020/03/10-16:43:27.351067 7f5fcdf11700   Options.soft_pending_compaction_bytes_limit: 68719476736
2020/03/10-16:43:27.351069 7f5fcdf11700   Options.hard_pending_compaction_bytes_limit: 274877906944
2020/03/10-16:43:27.351071 7f5fcdf11700       Options.rate_limit_delay_max_milliseconds: 100
2020/03/10-16:43:27.351072 7f5fcdf11700                Options.disable_auto_compactions: 0
2020/03/10-16:43:27.351074 7f5fcdf11700                        Options.compaction_style: kCompactionStyleLevel
2020/03/10-16:43:27.351076 7f5fcdf11700                          Options.compaction_pri: kMinOverlappingRatio
2020/03/10-16:43:27.351078 7f5fcdf11700 Options.compaction_options_universal.size_ratio: 1
2020/03/10-16:43:27.351080 7f5fcdf11700 Options.compaction_options_universal.min_merge_width: 2
2020/03/10-16:43:27.351081 7f5fcdf11700 Options.compaction_options_universal.max_merge_width: 4294967295
2020/03/10-16:43:27.351083 7f5fcdf11700 Options.compaction_options_universal.max_size_amplification_percent: 200
2020/03/10-16:43:27.351084 7f5fcdf11700 Options.compaction_options_universal.compression_size_percent: -1
2020/03/10-16:43:27.351086 7f5fcdf11700 Options.compaction_options_universal.stop_style: kCompactionStopStyleTotalSize
2020/03/10-16:43:27.351088 7f5fcdf11700 Options.compaction_options_fifo.max_table_files_size: 1073741824
2020/03/10-16:43:27.351090 7f5fcdf11700 Options.compaction_options_fifo.allow_compaction: 0
2020/03/10-16:43:27.351091 7f5fcdf11700                   Options.table_properties_collectors: 
2020/03/10-16:43:27.351093 7f5fcdf11700                   Options.inplace_update_support: 0
2020/03/10-16:43:27.351095 7f5fcdf11700                 Options.inplace_update_num_locks: 10000
2020/03/10-16:43:27.351097 7f5fcdf11700               Options.memtable_prefix_bloom_size_ratio: 0.000000
2020/03/10-16:43:27.351099 7f5fcdf11700               Options.memtable_whole_key_filtering: 0
2020/03/10-16:43:27.351101 7f5fcdf11700   Options.memtable_huge_page_size: 0
2020/03/10-16:43:27.351103 7f5fcdf11700                           Options.bloom_locality: 0
2020/03/10-16:43:27.351104 7f5fcdf11700                    Options.max_successive_merges: 0
2020/03/10-16:43:27.351112 7f5fcdf11700                Options.optimize_filters_for_hits: 0
2020/03/10-16:43:27.351114 7f5fcdf11700                Options.paranoid_file_checks: 0
2020/03/10-16:43:27.351115 7f5fcdf11700                Options.force_consistency_checks: 0
2020/03/10-16:43:27.351117 7f5fcdf11700                Options.report_bg_io_stats: 0
2020/03/10-16:43:27.351119 7f5fcdf11700                               Options.ttl: 2592000
2020/03/10-16:43:27.351120 7f5fcdf11700          Options.periodic_compaction_seconds: 0
2020/03/10-16:43:27.351149 7f5fcdf11700 [lumn_family.cc:550] --------------- Options for column family [milestone]:
2020/03/10-16:43:27.351152 7f5fcdf11700               Options.comparator: leveldb.BytewiseComparator
2020/03/10-16:43:27.351154 7f5fcdf11700           Options.merge_operator: StringAppendOperator
2020/03/10-16:43:27.351156 7f5fcdf11700        Options.compaction_filter: None
2020/03/10-16:43:27.351158 7f5fcdf11700        Options.compaction_filter_factory: None
2020/03/10-16:43:27.351159 7f5fcdf11700         Options.memtable_factory: SkipListFactory
2020/03/10-16:43:27.351161 7f5fcdf11700            Options.table_factory: BlockBasedTable
2020/03/10-16:43:27.351191 7f5fcdf11700            table_factory options:   flush_block_policy_factory: FlushBlockBySizePolicyFactory (0x7f5fc8adaf80)
  cache_index_and_filter_blocks: 0
  cache_index_and_filter_blocks_with_high_priority: 0
  pin_l0_filter_and_index_blocks_in_cache: 0
  pin_top_level_index_and_filter: 1
  index_type: 0
  data_block_index_type: 0
  index_shortening: 1
  data_block_hash_table_util_ratio: 0.750000
  hash_index_allow_collision: 1
  checksum: 1
  no_block_cache: 0
  block_cache: 0x7f5fc8ad14f0
  block_cache_name: LRUCache
  block_cache_options:
    capacity : 102400000
    num_shard_bits : 2
    strict_capacity_limit : 0
    memory_allocator : None
    high_pri_pool_ratio: 0.000
  block_cache_compressed: 0x7f5fc8acf980
  block_cache_name: LRUCache
  block_cache_compressed_options:
    capacity : 32768
    num_shard_bits : 10
    strict_capacity_limit : 0
    memory_allocator : None
    high_pri_pool_ratio: 0.000
  persistent_cache: (nil)
  block_size: 4096
  block_size_deviation: 10
  block_restart_interval: 16
  index_block_restart_interval: 1
  metadata_block_size: 4096
  partition_filters: 0
  use_delta_encoding: 1
  filter_policy: rocksdb.BuiltinBloomFilter
  whole_key_filtering: 1
  verify_compression: 1
  read_amp_bytes_per_bit: 0
  format_version: 2
  enable_index_compression: 1
  block_align: 0
2020/03/10-16:43:27.351198 7f5fcdf11700        Options.write_buffer_size: 2097152
2020/03/10-16:43:27.351200 7f5fcdf11700  Options.max_write_buffer_number: 2
2020/03/10-16:43:27.351202 7f5fcdf11700          Options.compression: Snappy
2020/03/10-16:43:27.351204 7f5fcdf11700                  Options.bottommost_compression: Disabled
2020/03/10-16:43:27.351205 7f5fcdf11700       Options.prefix_extractor: nullptr
2020/03/10-16:43:27.351207 7f5fcdf11700   Options.memtable_insert_with_hint_prefix_extractor: nullptr
2020/03/10-16:43:27.351209 7f5fcdf11700             Options.num_levels: 7
2020/03/10-16:43:27.351211 7f5fcdf11700        Options.min_write_buffer_number_to_merge: 1
2020/03/10-16:43:27.351212 7f5fcdf11700     Options.max_write_buffer_number_to_maintain: 0
2020/03/10-16:43:27.351214 7f5fcdf11700     Options.max_write_buffer_size_to_maintain: 0
2020/03/10-16:43:27.351216 7f5fcdf11700            Options.bottommost_compression_opts.window_bits: -14
2020/03/10-16:43:27.351217 7f5fcdf11700                  Options.bottommost_compression_opts.level: 32767
2020/03/10-16:43:27.351219 7f5fcdf11700               Options.bottommost_compression_opts.strategy: 0
2020/03/10-16:43:27.351221 7f5fcdf11700         Options.bottommost_compression_opts.max_dict_bytes: 0
2020/03/10-16:43:27.351222 7f5fcdf11700         Options.bottommost_compression_opts.zstd_max_train_bytes: 0
2020/03/10-16:43:27.351224 7f5fcdf11700                  Options.bottommost_compression_opts.enabled: false
2020/03/10-16:43:27.351226 7f5fcdf11700            Options.compression_opts.window_bits: -14
2020/03/10-16:43:27.351234 7f5fcdf11700                  Options.compression_opts.level: 32767
2020/03/10-16:43:27.351235 7f5fcdf11700               Options.compression_opts.strategy: 0
2020/03/10-16:43:27.351237 7f5fcdf11700         Options.compression_opts.max_dict_bytes: 0
2020/03/10-16:43:27.351239 7f5fcdf11700         Options.compression_opts.zstd_max_train_bytes: 0
2020/03/10-16:43:27.351241 7f5fcdf11700                  Options.compression_opts.enabled: false
2020/03/10-16:43:27.351242 7f5fcdf11700      Options.level0_file_num_compaction_trigger: 4
2020/03/10-16:43:27.351244 7f5fcdf11700          Options.level0_slowdown_writes_trigger: 20
2020/03/10-16:43:27.351246 7f5fcdf11700              Options.level0_stop_writes_trigger: 36
2020/03/10-16:43:27.351247 7f5fcdf11700                   Options.target_file_size_base: 67108864
2020/03/10-16:43:27.351249 7f5fcdf11700             Options.target_file_size_multiplier: 1
2020/03/10-16:43:27.351251 7f5fcdf11700                Options.max_bytes_for_level_base: 268435456
2020/03/10-16:43:27.351253 7f5fcdf11700 Options.level_compaction_dynamic_level_bytes: 0
2020/03/10-16:43:27.351255 7f5fcdf11700          Options.max_bytes_for_level_multiplier: 10.000000
2020/03/10-16:43:27.351257 7f5fcdf11700 Options.max_bytes_for_level_multiplier_addtl[0]: 1
2020/03/10-16:43:27.351259 7f5fcdf11700 Options.max_bytes_for_level_multiplier_addtl[1]: 1
2020/03/10-16:43:27.351260 7f5fcdf11700 Options.max_bytes_for_level_multiplier_addtl[2]: 1
2020/03/10-16:43:27.351262 7f5fcdf11700 Options.max_bytes_for_level_multiplier_addtl[3]: 1
2020/03/10-16:43:27.351264 7f5fcdf11700 Options.max_bytes_for_level_multiplier_addtl[4]: 1
2020/03/10-16:43:27.351266 7f5fcdf11700 Options.max_bytes_for_level_multiplier_addtl[5]: 1
2020/03/10-16:43:27.351267 7f5fcdf11700 Options.max_bytes_for_level_multiplier_addtl[6]: 1
2020/03/10-16:43:27.351269 7f5fcdf11700       Options.max_sequential_skip_in_iterations: 8
2020/03/10-16:43:27.351271 7f5fcdf11700                    Options.max_compaction_bytes: 1677721600
2020/03/10-16:43:27.351273 7f5fcdf11700                        Options.arena_block_size: 262144
2020/03/10-16:43:27.351275 7f5fcdf11700   Options.soft_pending_compaction_bytes_limit: 68719476736
2020/03/10-16:43:27.351276 7f5fcdf11700   Options.hard_pending_compaction_bytes_limit: 274877906944
2020/03/10-16:43:27.351278 7f5fcdf11700       Options.rate_limit_delay_max_milliseconds: 100
2020/03/10-16:43:27.351280 7f5fcdf11700                Options.disable_auto_compactions: 0
2020/03/10-16:43:27.351282 7f5fcdf11700                        Options.compaction_style: kCompactionStyleLevel
2020/03/10-16:43:27.351284 7f5fcdf11700                          Options.compaction_pri: kMinOverlappingRatio
2020/03/10-16:43:27.351285 7f5fcdf11700 Options.compaction_options_universal.size_ratio: 1
2020/03/10-16:43:27.351287 7f5fcdf11700 Options.compaction_options_universal.min_merge_width: 2
2020/03/10-16:43:27.351289 7f5fcdf11700 Options.compaction_options_universal.max_merge_width: 4294967295
2020/03/10-16:43:27.351290 7f5fcdf11700 Options.compaction_options_universal.max_size_amplification_percent: 200
2020/03/10-16:43:27.351292 7f5fcdf11700 Options.compaction_options_universal.compression_size_percent: -1
2020/03/10-16:43:27.351294 7f5fcdf11700 Options.compaction_options_universal.stop_style: kCompactionStopStyleTotalSize
2020/03/10-16:43:27.351296 7f5fcdf11700 Options.compaction_options_fifo.max_table_files_size: 1073741824
2020/03/10-16:43:27.351297 7f5fcdf11700 Options.compaction_options_fifo.allow_compaction: 0
2020/03/10-16:43:27.351299 7f5fcdf11700                   Options.table_properties_collectors: 
2020/03/10-16:43:27.351301 7f5fcdf11700                   Options.inplace_update_support: 0
2020/03/10-16:43:27.351303 7f5fcdf11700                 Options.inplace_update_num_locks: 10000
2020/03/10-16:43:27.351304 7f5fcdf11700               Options.memtable_prefix_bloom_size_ratio: 0.000000
2020/03/10-16:43:27.351306 7f5fcdf11700               Options.memtable_whole_key_filtering: 0
2020/03/10-16:43:27.351314 7f5fcdf11700   Options.memtable_huge_page_size: 0
2020/03/10-16:43:27.351316 7f5fcdf11700                           Options.bloom_locality: 0
2020/03/10-16:43:27.351318 7f5fcdf11700                    Options.max_successive_merges: 0
2020/03/10-16:43:27.351319 7f5fcdf11700                Options.optimize_filters_for_hits: 0
2020/03/10-16:43:27.351321 7f5fcdf11700                Options.paranoid_file_checks: 0
2020/03/10-16:43:27.351323 7f5fcdf11700                Options.force_consistency_checks: 0
2020/03/10-16:43:27.351324 7f5fcdf11700                Options.report_bg_io_stats: 0
2020/03/10-16:43:27.351326 7f5fcdf11700                               Options.ttl: 2592000
2020/03/10-16:43:27.351328 7f5fcdf11700          Options.periodic_compaction_seconds: 0
2020/03/10-16:43:27.351434 7f5fcdf11700 [lumn_family.cc:550] --------------- Options for column family [stateDiff]:
2020/03/10-16:43:27.351437 7f5fcdf11700               Options.comparator: leveldb.BytewiseComparator
2020/03/10-16:43:27.351439 7f5fcdf11700           Options.merge_operator: StringAppendOperator
2020/03/10-16:43:27.351441 7f5fcdf11700        Options.compaction_filter: None
2020/03/10-16:43:27.351443 7f5fcdf11700        Options.compaction_filter_factory: None
2020/03/10-16:43:27.351444 7f5fcdf11700         Options.memtable_factory: SkipListFactory
2020/03/10-16:43:27.351446 7f5fcdf11700            Options.table_factory: BlockBasedTable
2020/03/10-16:43:27.351476 7f5fcdf11700            table_factory options:   flush_block_policy_factory: FlushBlockBySizePolicyFactory (0x7f5fc8adaf80)
  cache_index_and_filter_blocks: 0
  cache_index_and_filter_blocks_with_high_priority: 0
  pin_l0_filter_and_index_blocks_in_cache: 0
  pin_top_level_index_and_filter: 1
  index_type: 0
  data_block_index_type: 0
  index_shortening: 1
  data_block_hash_table_util_ratio: 0.750000
  hash_index_allow_collision: 1
  checksum: 1
  no_block_cache: 0
  block_cache: 0x7f5fc8ad14f0
  block_cache_name: LRUCache
  block_cache_options:
    capacity : 102400000
    num_shard_bits : 2
    strict_capacity_limit : 0
    memory_allocator : None
    high_pri_pool_ratio: 0.000
  block_cache_compressed: 0x7f5fc8acf980
  block_cache_name: LRUCache
  block_cache_compressed_options:
    capacity : 32768
    num_shard_bits : 10
    strict_capacity_limit : 0
    memory_allocator : None
    high_pri_pool_ratio: 0.000
  persistent_cache: (nil)
  block_size: 4096
  block_size_deviation: 10
  block_restart_interval: 16
  index_block_restart_interval: 1
  metadata_block_size: 4096
  partition_filters: 0
  use_delta_encoding: 1
  filter_policy: rocksdb.BuiltinBloomFilter
  whole_key_filtering: 1
  verify_compression: 1
  read_amp_bytes_per_bit: 0
  format_version: 2
  enable_index_compression: 1
  block_align: 0
2020/03/10-16:43:27.351484 7f5fcdf11700        Options.write_buffer_size: 2097152
2020/03/10-16:43:27.351485 7f5fcdf11700  Options.max_write_buffer_number: 2
2020/03/10-16:43:27.351487 7f5fcdf11700          Options.compression: Snappy
2020/03/10-16:43:27.351489 7f5fcdf11700                  Options.bottommost_compression: Disabled
2020/03/10-16:43:27.351491 7f5fcdf11700       Options.prefix_extractor: nullptr
2020/03/10-16:43:27.351492 7f5fcdf11700   Options.memtable_insert_with_hint_prefix_extractor: nullptr
2020/03/10-16:43:27.351494 7f5fcdf11700             Options.num_levels: 7
2020/03/10-16:43:27.351496 7f5fcdf11700        Options.min_write_buffer_number_to_merge: 1
2020/03/10-16:43:27.351497 7f5fcdf11700     Options.max_write_buffer_number_to_maintain: 0
2020/03/10-16:43:27.351499 7f5fcdf11700     Options.max_write_buffer_size_to_maintain: 0
2020/03/10-16:43:27.351501 7f5fcdf11700            Options.bottommost_compression_opts.window_bits: -14
2020/03/10-16:43:27.351503 7f5fcdf11700                  Options.bottommost_compression_opts.level: 32767
2020/03/10-16:43:27.351504 7f5fcdf11700               Options.bottommost_compression_opts.strategy: 0
2020/03/10-16:43:27.351506 7f5fcdf11700         Options.bottommost_compression_opts.max_dict_bytes: 0
2020/03/10-16:43:27.351514 7f5fcdf11700         Options.bottommost_compression_opts.zstd_max_train_bytes: 0
2020/03/10-16:43:27.351516 7f5fcdf11700                  Options.bottommost_compression_opts.enabled: false
2020/03/10-16:43:27.351518 7f5fcdf11700            Options.compression_opts.window_bits: -14
2020/03/10-16:43:27.351520 7f5fcdf11700                  Options.compression_opts.level: 32767
2020/03/10-16:43:27.351521 7f5fcdf11700               Options.compression_opts.strategy: 0
2020/03/10-16:43:27.351523 7f5fcdf11700         Options.compression_opts.max_dict_bytes: 0
2020/03/10-16:43:27.351525 7f5fcdf11700         Options.compression_opts.zstd_max_train_bytes: 0
2020/03/10-16:43:27.351526 7f5fcdf11700                  Options.compression_opts.enabled: false
2020/03/10-16:43:27.351528 7f5fcdf11700      Options.level0_file_num_compaction_trigger: 4
2020/03/10-16:43:27.351530 7f5fcdf11700          Options.level0_slowdown_writes_trigger: 20
2020/03/10-16:43:27.351531 7f5fcdf11700              Options.level0_stop_writes_trigger: 36
2020/03/10-16:43:27.351533 7f5fcdf11700                   Options.target_file_size_base: 67108864
2020/03/10-16:43:27.351535 7f5fcdf11700             Options.target_file_size_multiplier: 1
2020/03/10-16:43:27.351536 7f5fcdf11700                Options.max_bytes_for_level_base: 268435456
2020/03/10-16:43:27.351538 7f5fcdf11700 Options.level_compaction_dynamic_level_bytes: 0
2020/03/10-16:43:27.351540 7f5fcdf11700          Options.max_bytes_for_level_multiplier: 10.000000
2020/03/10-16:43:27.351542 7f5fcdf11700 Options.max_bytes_for_level_multiplier_addtl[0]: 1
2020/03/10-16:43:27.351544 7f5fcdf11700 Options.max_bytes_for_level_multiplier_addtl[1]: 1
2020/03/10-16:43:27.351546 7f5fcdf11700 Options.max_bytes_for_level_multiplier_addtl[2]: 1
2020/03/10-16:43:27.351548 7f5fcdf11700 Options.max_bytes_for_level_multiplier_addtl[3]: 1
2020/03/10-16:43:27.351549 7f5fcdf11700 Options.max_bytes_for_level_multiplier_addtl[4]: 1
2020/03/10-16:43:27.351551 7f5fcdf11700 Options.max_bytes_for_level_multiplier_addtl[5]: 1
2020/03/10-16:43:27.351553 7f5fcdf11700 Options.max_bytes_for_level_multiplier_addtl[6]: 1
2020/03/10-16:43:27.351555 7f5fcdf11700       Options.max_sequential_skip_in_iterations: 8
2020/03/10-16:43:27.351556 7f5fcdf11700                    Options.max_compaction_bytes: 1677721600
2020/03/10-16:43:27.351558 7f5fcdf11700                        Options.arena_block_size: 262144
2020/03/10-16:43:27.351560 7f5fcdf11700   Options.soft_pending_compaction_bytes_limit: 68719476736
2020/03/10-16:43:27.351562 7f5fcdf11700   Options.hard_pending_compaction_bytes_limit: 274877906944
2020/03/10-16:43:27.351563 7f5fcdf11700       Options.rate_limit_delay_max_milliseconds: 100
2020/03/10-16:43:27.351565 7f5fcdf11700                Options.disable_auto_compactions: 0
2020/03/10-16:43:27.351567 7f5fcdf11700                        Options.compaction_style: kCompactionStyleLevel
