2020/03/10-11:58:17.707936 7f1840c1d700 RocksDB version: 6.6.4
2020/03/10-11:58:17.707978 7f1840c1d700 Git sha rocksdb_build_git_sha:
2020/03/10-11:58:17.707981 7f1840c1d700 Compile date Feb 12 2020
2020/03/10-11:58:17.707984 7f1840c1d700 DB SUMMARY
2020/03/10-11:58:17.708265 7f1840c1d700 CURRENT file:  CURRENT
2020/03/10-11:58:17.708267 7f1840c1d700 IDENTITY file:  IDENTITY
2020/03/10-11:58:17.708287 7f1840c1d700 MANIFEST file:  MANIFEST-001496 size: 7009 Bytes
2020/03/10-11:58:17.708292 7f1840c1d700 SST files in testnetdb dir, Total Num: 103, files: 000049.sst 000077.sst 000087.sst 000097.sst 000117.sst 000144.sst 000157.sst 000171.sst 000190.sst 
2020/03/10-11:58:17.708294 7f1840c1d700 Write Ahead Log file in testnetdb: 001497.log size: 0 ; 
2020/03/10-11:58:17.708313 7f1840c1d700                         Options.error_if_exists: 0
2020/03/10-11:58:17.708315 7f1840c1d700                       Options.create_if_missing: 1
2020/03/10-11:58:17.708316 7f1840c1d700                         Options.paranoid_checks: 1
2020/03/10-11:58:17.708318 7f1840c1d700                                     Options.env: 0x7f1740ffa020
2020/03/10-11:58:17.708320 7f1840c1d700                                Options.info_log: 0x7f1838afd9e0
2020/03/10-11:58:17.708322 7f1840c1d700                Options.max_file_opening_threads: 16
2020/03/10-11:58:17.708324 7f1840c1d700                              Options.statistics: (nil)
2020/03/10-11:58:17.708326 7f1840c1d700                               Options.use_fsync: 0
2020/03/10-11:58:17.708328 7f1840c1d700                       Options.max_log_file_size: 1048576
2020/03/10-11:58:17.708329 7f1840c1d700                  Options.max_manifest_file_size: 1048576
2020/03/10-11:58:17.708331 7f1840c1d700                   Options.log_file_time_to_roll: 0
2020/03/10-11:58:17.708333 7f1840c1d700                       Options.keep_log_file_num: 1000
2020/03/10-11:58:17.708335 7f1840c1d700                    Options.recycle_log_file_num: 0
2020/03/10-11:58:17.708337 7f1840c1d700                         Options.allow_fallocate: 1
2020/03/10-11:58:17.708339 7f1840c1d700                        Options.allow_mmap_reads: 0
2020/03/10-11:58:17.708340 7f1840c1d700                       Options.allow_mmap_writes: 0
2020/03/10-11:58:17.708342 7f1840c1d700                        Options.use_direct_reads: 0
2020/03/10-11:58:17.708344 7f1840c1d700                        Options.use_direct_io_for_flush_and_compaction: 0
2020/03/10-11:58:17.708346 7f1840c1d700          Options.create_missing_column_families: 1
2020/03/10-11:58:17.708348 7f1840c1d700                              Options.db_log_dir: 
2020/03/10-11:58:17.708350 7f1840c1d700                                 Options.wal_dir: testnetdb
2020/03/10-11:58:17.708351 7f1840c1d700                Options.table_cache_numshardbits: 6
2020/03/10-11:58:17.708353 7f1840c1d700                      Options.max_subcompactions: 30
2020/03/10-11:58:17.708355 7f1840c1d700                  Options.max_background_flushes: -1
2020/03/10-11:58:17.708357 7f1840c1d700                         Options.WAL_ttl_seconds: 0
2020/03/10-11:58:17.708359 7f1840c1d700                       Options.WAL_size_limit_MB: 0
2020/03/10-11:58:17.708361 7f1840c1d700                        Options.max_write_batch_group_size_bytes: 1048576
2020/03/10-11:58:17.708363 7f1840c1d700             Options.manifest_preallocation_size: 4194304
2020/03/10-11:58:17.708365 7f1840c1d700                     Options.is_fd_close_on_exec: 1
2020/03/10-11:58:17.708366 7f1840c1d700                   Options.advise_random_on_open: 1
2020/03/10-11:58:17.708368 7f1840c1d700                    Options.db_write_buffer_size: 0
2020/03/10-11:58:17.708370 7f1840c1d700                    Options.write_buffer_manager: 0x7f1838b09de0
2020/03/10-11:58:17.708371 7f1840c1d700         Options.access_hint_on_compaction_start: 1
2020/03/10-11:58:17.708373 7f1840c1d700  Options.new_table_reader_for_compaction_inputs: 0
2020/03/10-11:58:17.708375 7f1840c1d700           Options.random_access_max_buffer_size: 1048576
2020/03/10-11:58:17.708377 7f1840c1d700                      Options.use_adaptive_mutex: 0
2020/03/10-11:58:17.708378 7f1840c1d700                            Options.rate_limiter: (nil)
2020/03/10-11:58:17.708389 7f1840c1d700     Options.sst_file_manager.rate_bytes_per_sec: 0
2020/03/10-11:58:17.708391 7f1840c1d700                       Options.wal_recovery_mode: 2
2020/03/10-11:58:17.708392 7f1840c1d700                  Options.enable_thread_tracking: 0
2020/03/10-11:58:17.708394 7f1840c1d700                  Options.enable_pipelined_write: 0
2020/03/10-11:58:17.708396 7f1840c1d700                  Options.unordered_write: 0
2020/03/10-11:58:17.708398 7f1840c1d700         Options.allow_concurrent_memtable_write: 1
2020/03/10-11:58:17.708399 7f1840c1d700      Options.enable_write_thread_adaptive_yield: 1
2020/03/10-11:58:17.708401 7f1840c1d700             Options.write_thread_max_yield_usec: 100
2020/03/10-11:58:17.708403 7f1840c1d700            Options.write_thread_slow_yield_usec: 3
2020/03/10-11:58:17.708405 7f1840c1d700                               Options.row_cache: None
2020/03/10-11:58:17.708407 7f1840c1d700                              Options.wal_filter: None
2020/03/10-11:58:17.708408 7f1840c1d700             Options.avoid_flush_during_recovery: 0
2020/03/10-11:58:17.708410 7f1840c1d700             Options.allow_ingest_behind: 0
2020/03/10-11:58:17.708412 7f1840c1d700             Options.preserve_deletes: 0
2020/03/10-11:58:17.708413 7f1840c1d700             Options.two_write_queues: 0
2020/03/10-11:58:17.708415 7f1840c1d700             Options.manual_wal_flush: 0
2020/03/10-11:58:17.708417 7f1840c1d700             Options.atomic_flush: 0
2020/03/10-11:58:17.708419 7f1840c1d700             Options.avoid_unnecessary_blocking_io: 0
2020/03/10-11:58:17.708421 7f1840c1d700                 Options.persist_stats_to_disk: 0
2020/03/10-11:58:17.708422 7f1840c1d700                 Options.write_dbid_to_manifest: 0
2020/03/10-11:58:17.708424 7f1840c1d700                 Options.log_readahead_size: 0
2020/03/10-11:58:17.708426 7f1840c1d700             Options.max_background_jobs: 2
2020/03/10-11:58:17.708428 7f1840c1d700             Options.max_background_compactions: 1
2020/03/10-11:58:17.708430 7f1840c1d700             Options.avoid_flush_during_shutdown: 0
2020/03/10-11:58:17.708431 7f1840c1d700           Options.writable_file_max_buffer_size: 1048576
2020/03/10-11:58:17.708433 7f1840c1d700             Options.delayed_write_rate : 16777216
2020/03/10-11:58:17.708435 7f1840c1d700             Options.max_total_wal_size: 0
2020/03/10-11:58:17.708437 7f1840c1d700             Options.delete_obsolete_files_period_micros: 21600000000
2020/03/10-11:58:17.708439 7f1840c1d700                   Options.stats_dump_period_sec: 600
2020/03/10-11:58:17.708441 7f1840c1d700                 Options.stats_persist_period_sec: 600
2020/03/10-11:58:17.708443 7f1840c1d700                 Options.stats_history_buffer_size: 1048576
2020/03/10-11:58:17.708445 7f1840c1d700                          Options.max_open_files: 10000
2020/03/10-11:58:17.708447 7f1840c1d700                          Options.bytes_per_sync: 0
2020/03/10-11:58:17.708448 7f1840c1d700                      Options.wal_bytes_per_sync: 0
2020/03/10-11:58:17.708450 7f1840c1d700                   Options.strict_bytes_per_sync: 0
2020/03/10-11:58:17.708452 7f1840c1d700       Options.compaction_readahead_size: 0
2020/03/10-11:58:17.708454 7f1840c1d700 Compression algorithms supported:
2020/03/10-11:58:17.708456 7f1840c1d700 	kZSTDNotFinalCompression supported: 1
2020/03/10-11:58:17.708459 7f1840c1d700 	kZSTD supported: 1
2020/03/10-11:58:17.708461 7f1840c1d700 	kXpressCompression supported: 0
2020/03/10-11:58:17.708463 7f1840c1d700 	kLZ4HCCompression supported: 1
2020/03/10-11:58:17.708465 7f1840c1d700 	kLZ4Compression supported: 1
2020/03/10-11:58:17.708467 7f1840c1d700 	kBZip2Compression supported: 1
2020/03/10-11:58:17.708469 7f1840c1d700 	kZlibCompression supported: 1
2020/03/10-11:58:17.708471 7f1840c1d700 	kSnappyCompression supported: 1
2020/03/10-11:58:17.708474 7f1840c1d700 Fast CRC32 supported: Not supported on x86
2020/03/10-11:58:17.708600 7f1840c1d700 [rsion_set.cc:4377] Recovering from manifest file: testnetdb/MANIFEST-001496
2020/03/10-11:58:17.708660 7f1840c1d700 [lumn_family.cc:550] --------------- Options for column family [default]:
2020/03/10-11:58:17.708664 7f1840c1d700               Options.comparator: leveldb.BytewiseComparator
2020/03/10-11:58:17.708667 7f1840c1d700           Options.merge_operator: StringAppendOperator
2020/03/10-11:58:17.708669 7f1840c1d700        Options.compaction_filter: None
2020/03/10-11:58:17.708671 7f1840c1d700        Options.compaction_filter_factory: None
2020/03/10-11:58:17.708673 7f1840c1d700         Options.memtable_factory: SkipListFactory
2020/03/10-11:58:17.708675 7f1840c1d700            Options.table_factory: BlockBasedTable
2020/03/10-11:58:17.708713 7f1840c1d700            table_factory options:   flush_block_policy_factory: FlushBlockBySizePolicyFactory (0x7f1838aa7ec0)
  cache_index_and_filter_blocks: 0
  cache_index_and_filter_blocks_with_high_priority: 0
  pin_l0_filter_and_index_blocks_in_cache: 0
  pin_top_level_index_and_filter: 1
  index_type: 0
  data_block_index_type: 0
  index_shortening: 1
  data_block_hash_table_util_ratio: 0.750000
  hash_index_allow_collision: 1
  checksum: 1
  no_block_cache: 0
  block_cache: 0x7f1838aa6c50
  block_cache_name: LRUCache
  block_cache_options:
    capacity : 102400000
    num_shard_bits : 2
    strict_capacity_limit : 0
    memory_allocator : None
    high_pri_pool_ratio: 0.000
  block_cache_compressed: 0x7f1838aa4060
  block_cache_name: LRUCache
  block_cache_compressed_options:
    capacity : 32768
    num_shard_bits : 10
    strict_capacity_limit : 0
    memory_allocator : None
    high_pri_pool_ratio: 0.000
  persistent_cache: (nil)
  block_size: 4096
  block_size_deviation: 10
  block_restart_interval: 16
  index_block_restart_interval: 1
  metadata_block_size: 4096
  partition_filters: 0
  use_delta_encoding: 1
  filter_policy: rocksdb.BuiltinBloomFilter
  whole_key_filtering: 1
  verify_compression: 1
  read_amp_bytes_per_bit: 0
  format_version: 2
  enable_index_compression: 1
  block_align: 0
2020/03/10-11:58:17.708721 7f1840c1d700        Options.write_buffer_size: 2097152
2020/03/10-11:58:17.708723 7f1840c1d700  Options.max_write_buffer_number: 2
2020/03/10-11:58:17.708725 7f1840c1d700          Options.compression: Snappy
2020/03/10-11:58:17.708727 7f1840c1d700                  Options.bottommost_compression: Disabled
2020/03/10-11:58:17.708729 7f1840c1d700       Options.prefix_extractor: nullptr
2020/03/10-11:58:17.708731 7f1840c1d700   Options.memtable_insert_with_hint_prefix_extractor: nullptr
2020/03/10-11:58:17.708733 7f1840c1d700             Options.num_levels: 7
2020/03/10-11:58:17.708735 7f1840c1d700        Options.min_write_buffer_number_to_merge: 1
2020/03/10-11:58:17.708736 7f1840c1d700     Options.max_write_buffer_number_to_maintain: 0
2020/03/10-11:58:17.708738 7f1840c1d700     Options.max_write_buffer_size_to_maintain: 0
2020/03/10-11:58:17.708740 7f1840c1d700            Options.bottommost_compression_opts.window_bits: -14
2020/03/10-11:58:17.708742 7f1840c1d700                  Options.bottommost_compression_opts.level: 32767
2020/03/10-11:58:17.708744 7f1840c1d700               Options.bottommost_compression_opts.strategy: 0
2020/03/10-11:58:17.708746 7f1840c1d700         Options.bottommost_compression_opts.max_dict_bytes: 0
2020/03/10-11:58:17.708747 7f1840c1d700         Options.bottommost_compression_opts.zstd_max_train_bytes: 0
2020/03/10-11:58:17.708749 7f1840c1d700                  Options.bottommost_compression_opts.enabled: false
2020/03/10-11:58:17.708751 7f1840c1d700            Options.compression_opts.window_bits: -14
2020/03/10-11:58:17.708753 7f1840c1d700                  Options.compression_opts.level: 32767
2020/03/10-11:58:17.708755 7f1840c1d700               Options.compression_opts.strategy: 0
2020/03/10-11:58:17.708757 7f1840c1d700         Options.compression_opts.max_dict_bytes: 0
2020/03/10-11:58:17.708759 7f1840c1d700         Options.compression_opts.zstd_max_train_bytes: 0
2020/03/10-11:58:17.708760 7f1840c1d700                  Options.compression_opts.enabled: false
2020/03/10-11:58:17.708769 7f1840c1d700      Options.level0_file_num_compaction_trigger: 4
2020/03/10-11:58:17.708771 7f1840c1d700          Options.level0_slowdown_writes_trigger: 20
2020/03/10-11:58:17.708772 7f1840c1d700              Options.level0_stop_writes_trigger: 36
2020/03/10-11:58:17.708774 7f1840c1d700                   Options.target_file_size_base: 67108864
2020/03/10-11:58:17.708776 7f1840c1d700             Options.target_file_size_multiplier: 1
2020/03/10-11:58:17.708778 7f1840c1d700                Options.max_bytes_for_level_base: 268435456
2020/03/10-11:58:17.708779 7f1840c1d700 Options.level_compaction_dynamic_level_bytes: 0
2020/03/10-11:58:17.708783 7f1840c1d700          Options.max_bytes_for_level_multiplier: 10.000000
2020/03/10-11:58:17.708785 7f1840c1d700 Options.max_bytes_for_level_multiplier_addtl[0]: 1
2020/03/10-11:58:17.708787 7f1840c1d700 Options.max_bytes_for_level_multiplier_addtl[1]: 1
2020/03/10-11:58:17.708789 7f1840c1d700 Options.max_bytes_for_level_multiplier_addtl[2]: 1
2020/03/10-11:58:17.708802 7f1840c1d700 Options.max_bytes_for_level_multiplier_addtl[3]: 1
2020/03/10-11:58:17.708804 7f1840c1d700 Options.max_bytes_for_level_multiplier_addtl[4]: 1
2020/03/10-11:58:17.708805 7f1840c1d700 Options.max_bytes_for_level_multiplier_addtl[5]: 1
2020/03/10-11:58:17.708807 7f1840c1d700 Options.max_bytes_for_level_multiplier_addtl[6]: 1
2020/03/10-11:58:17.708808 7f1840c1d700       Options.max_sequential_skip_in_iterations: 8
2020/03/10-11:58:17.708810 7f1840c1d700                    Options.max_compaction_bytes: 1677721600
2020/03/10-11:58:17.708812 7f1840c1d700                        Options.arena_block_size: 262144
2020/03/10-11:58:17.708813 7f1840c1d700   Options.soft_pending_compaction_bytes_limit: 68719476736
2020/03/10-11:58:17.708815 7f1840c1d700   Options.hard_pending_compaction_bytes_limit: 274877906944
2020/03/10-11:58:17.708817 7f1840c1d700       Options.rate_limit_delay_max_milliseconds: 100
2020/03/10-11:58:17.708818 7f1840c1d700                Options.disable_auto_compactions: 0
2020/03/10-11:58:17.708820 7f1840c1d700                        Options.compaction_style: kCompactionStyleLevel
2020/03/10-11:58:17.708822 7f1840c1d700                          Options.compaction_pri: kMinOverlappingRatio
2020/03/10-11:58:17.708824 7f1840c1d700 Options.compaction_options_universal.size_ratio: 1
2020/03/10-11:58:17.708825 7f1840c1d700 Options.compaction_options_universal.min_merge_width: 2
2020/03/10-11:58:17.708827 7f1840c1d700 Options.compaction_options_universal.max_merge_width: 4294967295
2020/03/10-11:58:17.708829 7f1840c1d700 Options.compaction_options_universal.max_size_amplification_percent: 200
2020/03/10-11:58:17.708830 7f1840c1d700 Options.compaction_options_universal.compression_size_percent: -1
2020/03/10-11:58:17.708832 7f1840c1d700 Options.compaction_options_universal.stop_style: kCompactionStopStyleTotalSize
2020/03/10-11:58:17.708834 7f1840c1d700 Options.compaction_options_fifo.max_table_files_size: 1073741824
2020/03/10-11:58:17.708836 7f1840c1d700 Options.compaction_options_fifo.allow_compaction: 0
2020/03/10-11:58:17.708838 7f1840c1d700                   Options.table_properties_collectors: 
2020/03/10-11:58:17.708839 7f1840c1d700                   Options.inplace_update_support: 0
2020/03/10-11:58:17.708841 7f1840c1d700                 Options.inplace_update_num_locks: 10000
2020/03/10-11:58:17.708843 7f1840c1d700               Options.memtable_prefix_bloom_size_ratio: 0.000000
2020/03/10-11:58:17.708844 7f1840c1d700               Options.memtable_whole_key_filtering: 0
2020/03/10-11:58:17.708846 7f1840c1d700   Options.memtable_huge_page_size: 0
2020/03/10-11:58:17.708847 7f1840c1d700                           Options.bloom_locality: 0
2020/03/10-11:58:17.708849 7f1840c1d700                    Options.max_successive_merges: 0
2020/03/10-11:58:17.708850 7f1840c1d700                Options.optimize_filters_for_hits: 0
2020/03/10-11:58:17.708852 7f1840c1d700                Options.paranoid_file_checks: 0
2020/03/10-11:58:17.708853 7f1840c1d700                Options.force_consistency_checks: 0
2020/03/10-11:58:17.708859 7f1840c1d700                Options.report_bg_io_stats: 0
2020/03/10-11:58:17.708861 7f1840c1d700                               Options.ttl: 2592000
2020/03/10-11:58:17.708863 7f1840c1d700          Options.periodic_compaction_seconds: 0
2020/03/10-11:58:17.708902 7f1840c1d700 [lumn_family.cc:550] --------------- Options for column family [transaction]:
2020/03/10-11:58:17.708905 7f1840c1d700               Options.comparator: leveldb.BytewiseComparator
2020/03/10-11:58:17.708906 7f1840c1d700           Options.merge_operator: StringAppendOperator
2020/03/10-11:58:17.708908 7f1840c1d700        Options.compaction_filter: None
2020/03/10-11:58:17.708910 7f1840c1d700        Options.compaction_filter_factory: None
2020/03/10-11:58:17.708911 7f1840c1d700         Options.memtable_factory: SkipListFactory
2020/03/10-11:58:17.708913 7f1840c1d700            Options.table_factory: BlockBasedTable
2020/03/10-11:58:17.708940 7f1840c1d700            table_factory options:   flush_block_policy_factory: FlushBlockBySizePolicyFactory (0x7f1838aa7ec0)
  cache_index_and_filter_blocks: 0
  cache_index_and_filter_blocks_with_high_priority: 0
  pin_l0_filter_and_index_blocks_in_cache: 0
  pin_top_level_index_and_filter: 1
  index_type: 0
  data_block_index_type: 0
  index_shortening: 1
  data_block_hash_table_util_ratio: 0.750000
  hash_index_allow_collision: 1
  checksum: 1
  no_block_cache: 0
  block_cache: 0x7f1838aa6c50
  block_cache_name: LRUCache
  block_cache_options:
    capacity : 102400000
    num_shard_bits : 2
    strict_capacity_limit : 0
    memory_allocator : None
    high_pri_pool_ratio: 0.000
  block_cache_compressed: 0x7f1838aa4060
  block_cache_name: LRUCache
  block_cache_compressed_options:
    capacity : 32768
    num_shard_bits : 10
    strict_capacity_limit : 0
    memory_allocator : None
    high_pri_pool_ratio: 0.000
  persistent_cache: (nil)
  block_size: 4096
  block_size_deviation: 10
  block_restart_interval: 16
  index_block_restart_interval: 1
  metadata_block_size: 4096
  partition_filters: 0
  use_delta_encoding: 1
  filter_policy: rocksdb.BuiltinBloomFilter
  whole_key_filtering: 1
  verify_compression: 1
  read_amp_bytes_per_bit: 0
  format_version: 2
  enable_index_compression: 1
  block_align: 0
2020/03/10-11:58:17.708948 7f1840c1d700        Options.write_buffer_size: 2097152
2020/03/10-11:58:17.708949 7f1840c1d700  Options.max_write_buffer_number: 2
2020/03/10-11:58:17.708951 7f1840c1d700          Options.compression: Snappy
2020/03/10-11:58:17.708953 7f1840c1d700                  Options.bottommost_compression: Disabled
2020/03/10-11:58:17.708954 7f1840c1d700       Options.prefix_extractor: nullptr
2020/03/10-11:58:17.708956 7f1840c1d700   Options.memtable_insert_with_hint_prefix_extractor: nullptr
2020/03/10-11:58:17.708958 7f1840c1d700             Options.num_levels: 7
2020/03/10-11:58:17.708959 7f1840c1d700        Options.min_write_buffer_number_to_merge: 1
2020/03/10-11:58:17.708960 7f1840c1d700     Options.max_write_buffer_number_to_maintain: 0
2020/03/10-11:58:17.708962 7f1840c1d700     Options.max_write_buffer_size_to_maintain: 0
2020/03/10-11:58:17.708964 7f1840c1d700            Options.bottommost_compression_opts.window_bits: -14
2020/03/10-11:58:17.708965 7f1840c1d700                  Options.bottommost_compression_opts.level: 32767
2020/03/10-11:58:17.708967 7f1840c1d700               Options.bottommost_compression_opts.strategy: 0
2020/03/10-11:58:17.708968 7f1840c1d700         Options.bottommost_compression_opts.max_dict_bytes: 0
2020/03/10-11:58:17.708970 7f1840c1d700         Options.bottommost_compression_opts.zstd_max_train_bytes: 0
2020/03/10-11:58:17.708971 7f1840c1d700                  Options.bottommost_compression_opts.enabled: false
2020/03/10-11:58:17.708973 7f1840c1d700            Options.compression_opts.window_bits: -14
2020/03/10-11:58:17.708974 7f1840c1d700                  Options.compression_opts.level: 32767
2020/03/10-11:58:17.708976 7f1840c1d700               Options.compression_opts.strategy: 0
2020/03/10-11:58:17.708983 7f1840c1d700         Options.compression_opts.max_dict_bytes: 0
2020/03/10-11:58:17.708984 7f1840c1d700         Options.compression_opts.zstd_max_train_bytes: 0
2020/03/10-11:58:17.708986 7f1840c1d700                  Options.compression_opts.enabled: false
2020/03/10-11:58:17.708988 7f1840c1d700      Options.level0_file_num_compaction_trigger: 4
2020/03/10-11:58:17.708989 7f1840c1d700          Options.level0_slowdown_writes_trigger: 20
2020/03/10-11:58:17.708991 7f1840c1d700              Options.level0_stop_writes_trigger: 36
2020/03/10-11:58:17.708992 7f1840c1d700                   Options.target_file_size_base: 67108864
2020/03/10-11:58:17.708994 7f1840c1d700             Options.target_file_size_multiplier: 1
2020/03/10-11:58:17.708995 7f1840c1d700                Options.max_bytes_for_level_base: 268435456
2020/03/10-11:58:17.708997 7f1840c1d700 Options.level_compaction_dynamic_level_bytes: 0
2020/03/10-11:58:17.708999 7f1840c1d700          Options.max_bytes_for_level_multiplier: 10.000000
2020/03/10-11:58:17.709001 7f1840c1d700 Options.max_bytes_for_level_multiplier_addtl[0]: 1
2020/03/10-11:58:17.709002 7f1840c1d700 Options.max_bytes_for_level_multiplier_addtl[1]: 1
2020/03/10-11:58:17.709004 7f1840c1d700 Options.max_bytes_for_level_multiplier_addtl[2]: 1
2020/03/10-11:58:17.709005 7f1840c1d700 Options.max_bytes_for_level_multiplier_addtl[3]: 1
2020/03/10-11:58:17.709007 7f1840c1d700 Options.max_bytes_for_level_multiplier_addtl[4]: 1
2020/03/10-11:58:17.709009 7f1840c1d700 Options.max_bytes_for_level_multiplier_addtl[5]: 1
2020/03/10-11:58:17.709010 7f1840c1d700 Options.max_bytes_for_level_multiplier_addtl[6]: 1
2020/03/10-11:58:17.709012 7f1840c1d700       Options.max_sequential_skip_in_iterations: 8
2020/03/10-11:58:17.709013 7f1840c1d700                    Options.max_compaction_bytes: 1677721600
2020/03/10-11:58:17.709015 7f1840c1d700                        Options.arena_block_size: 262144
2020/03/10-11:58:17.709017 7f1840c1d700   Options.soft_pending_compaction_bytes_limit: 68719476736
2020/03/10-11:58:17.709018 7f1840c1d700   Options.hard_pending_compaction_bytes_limit: 274877906944
2020/03/10-11:58:17.709020 7f1840c1d700       Options.rate_limit_delay_max_milliseconds: 100
2020/03/10-11:58:17.709022 7f1840c1d700                Options.disable_auto_compactions: 0
2020/03/10-11:58:17.709023 7f1840c1d700                        Options.compaction_style: kCompactionStyleLevel
2020/03/10-11:58:17.709025 7f1840c1d700                          Options.compaction_pri: kMinOverlappingRatio
2020/03/10-11:58:17.709027 7f1840c1d700 Options.compaction_options_universal.size_ratio: 1
2020/03/10-11:58:17.709028 7f1840c1d700 Options.compaction_options_universal.min_merge_width: 2
2020/03/10-11:58:17.709030 7f1840c1d700 Options.compaction_options_universal.max_merge_width: 4294967295
2020/03/10-11:58:17.709031 7f1840c1d700 Options.compaction_options_universal.max_size_amplification_percent: 200
2020/03/10-11:58:17.709033 7f1840c1d700 Options.compaction_options_universal.compression_size_percent: -1
2020/03/10-11:58:17.709035 7f1840c1d700 Options.compaction_options_universal.stop_style: kCompactionStopStyleTotalSize
2020/03/10-11:58:17.709036 7f1840c1d700 Options.compaction_options_fifo.max_table_files_size: 1073741824
2020/03/10-11:58:17.709038 7f1840c1d700 Options.compaction_options_fifo.allow_compaction: 0
2020/03/10-11:58:17.709039 7f1840c1d700                   Options.table_properties_collectors: 
2020/03/10-11:58:17.709041 7f1840c1d700                   Options.inplace_update_support: 0
2020/03/10-11:58:17.709043 7f1840c1d700                 Options.inplace_update_num_locks: 10000
2020/03/10-11:58:17.709044 7f1840c1d700               Options.memtable_prefix_bloom_size_ratio: 0.000000
2020/03/10-11:58:17.709046 7f1840c1d700               Options.memtable_whole_key_filtering: 0
2020/03/10-11:58:17.709047 7f1840c1d700   Options.memtable_huge_page_size: 0
2020/03/10-11:58:17.709049 7f1840c1d700                           Options.bloom_locality: 0
2020/03/10-11:58:17.709050 7f1840c1d700                    Options.max_successive_merges: 0
2020/03/10-11:58:17.709058 7f1840c1d700                Options.optimize_filters_for_hits: 0
2020/03/10-11:58:17.709060 7f1840c1d700                Options.paranoid_file_checks: 0
2020/03/10-11:58:17.709061 7f1840c1d700                Options.force_consistency_checks: 0
2020/03/10-11:58:17.709063 7f1840c1d700                Options.report_bg_io_stats: 0
2020/03/10-11:58:17.709064 7f1840c1d700                               Options.ttl: 2592000
2020/03/10-11:58:17.709066 7f1840c1d700          Options.periodic_compaction_seconds: 0
2020/03/10-11:58:17.709089 7f1840c1d700 [lumn_family.cc:550] --------------- Options for column family [milestone]:
2020/03/10-11:58:17.709091 7f1840c1d700               Options.comparator: leveldb.BytewiseComparator
2020/03/10-11:58:17.709093 7f1840c1d700           Options.merge_operator: StringAppendOperator
2020/03/10-11:58:17.709095 7f1840c1d700        Options.compaction_filter: None
2020/03/10-11:58:17.709096 7f1840c1d700        Options.compaction_filter_factory: None
2020/03/10-11:58:17.709098 7f1840c1d700         Options.memtable_factory: SkipListFactory
2020/03/10-11:58:17.709100 7f1840c1d700            Options.table_factory: BlockBasedTable
2020/03/10-11:58:17.709125 7f1840c1d700            table_factory options:   flush_block_policy_factory: FlushBlockBySizePolicyFactory (0x7f1838aa7ec0)
  cache_index_and_filter_blocks: 0
  cache_index_and_filter_blocks_with_high_priority: 0
  pin_l0_filter_and_index_blocks_in_cache: 0
  pin_top_level_index_and_filter: 1
  index_type: 0
  data_block_index_type: 0
  index_shortening: 1
  data_block_hash_table_util_ratio: 0.750000
  hash_index_allow_collision: 1
  checksum: 1
  no_block_cache: 0
  block_cache: 0x7f1838aa6c50
  block_cache_name: LRUCache
  block_cache_options:
    capacity : 102400000
    num_shard_bits : 2
    strict_capacity_limit : 0
    memory_allocator : None
    high_pri_pool_ratio: 0.000
  block_cache_compressed: 0x7f1838aa4060
  block_cache_name: LRUCache
  block_cache_compressed_options:
    capacity : 32768
    num_shard_bits : 10
    strict_capacity_limit : 0
    memory_allocator : None
    high_pri_pool_ratio: 0.000
  persistent_cache: (nil)
  block_size: 4096
  block_size_deviation: 10
  block_restart_interval: 16
  index_block_restart_interval: 1
  metadata_block_size: 4096
  partition_filters: 0
  use_delta_encoding: 1
  filter_policy: rocksdb.BuiltinBloomFilter
  whole_key_filtering: 1
  verify_compression: 1
  read_amp_bytes_per_bit: 0
  format_version: 2
  enable_index_compression: 1
  block_align: 0
2020/03/10-11:58:17.709132 7f1840c1d700        Options.write_buffer_size: 2097152
2020/03/10-11:58:17.709134 7f1840c1d700  Options.max_write_buffer_number: 2
2020/03/10-11:58:17.709135 7f1840c1d700          Options.compression: Snappy
2020/03/10-11:58:17.709137 7f1840c1d700                  Options.bottommost_compression: Disabled
2020/03/10-11:58:17.709138 7f1840c1d700       Options.prefix_extractor: nullptr
2020/03/10-11:58:17.709140 7f1840c1d700   Options.memtable_insert_with_hint_prefix_extractor: nullptr
2020/03/10-11:58:17.709142 7f1840c1d700             Options.num_levels: 7
2020/03/10-11:58:17.709143 7f1840c1d700        Options.min_write_buffer_number_to_merge: 1
2020/03/10-11:58:17.709145 7f1840c1d700     Options.max_write_buffer_number_to_maintain: 0
2020/03/10-11:58:17.709146 7f1840c1d700     Options.max_write_buffer_size_to_maintain: 0
2020/03/10-11:58:17.709148 7f1840c1d700            Options.bottommost_compression_opts.window_bits: -14
2020/03/10-11:58:17.709149 7f1840c1d700                  Options.bottommost_compression_opts.level: 32767
2020/03/10-11:58:17.709151 7f1840c1d700               Options.bottommost_compression_opts.strategy: 0
2020/03/10-11:58:17.709152 7f1840c1d700         Options.bottommost_compression_opts.max_dict_bytes: 0
2020/03/10-11:58:17.709154 7f1840c1d700         Options.bottommost_compression_opts.zstd_max_train_bytes: 0
2020/03/10-11:58:17.709155 7f1840c1d700                  Options.bottommost_compression_opts.enabled: false
2020/03/10-11:58:17.709157 7f1840c1d700            Options.compression_opts.window_bits: -14
2020/03/10-11:58:17.709163 7f1840c1d700                  Options.compression_opts.level: 32767
2020/03/10-11:58:17.709165 7f1840c1d700               Options.compression_opts.strategy: 0
2020/03/10-11:58:17.709167 7f1840c1d700         Options.compression_opts.max_dict_bytes: 0
2020/03/10-11:58:17.709168 7f1840c1d700         Options.compression_opts.zstd_max_train_bytes: 0
2020/03/10-11:58:17.709170 7f1840c1d700                  Options.compression_opts.enabled: false
2020/03/10-11:58:17.709171 7f1840c1d700      Options.level0_file_num_compaction_trigger: 4
2020/03/10-11:58:17.709173 7f1840c1d700          Options.level0_slowdown_writes_trigger: 20
2020/03/10-11:58:17.709174 7f1840c1d700              Options.level0_stop_writes_trigger: 36
2020/03/10-11:58:17.709176 7f1840c1d700                   Options.target_file_size_base: 67108864
2020/03/10-11:58:17.709177 7f1840c1d700             Options.target_file_size_multiplier: 1
2020/03/10-11:58:17.709179 7f1840c1d700                Options.max_bytes_for_level_base: 268435456
2020/03/10-11:58:17.709180 7f1840c1d700 Options.level_compaction_dynamic_level_bytes: 0
2020/03/10-11:58:17.709182 7f1840c1d700          Options.max_bytes_for_level_multiplier: 10.000000
2020/03/10-11:58:17.709184 7f1840c1d700 Options.max_bytes_for_level_multiplier_addtl[0]: 1
2020/03/10-11:58:17.709186 7f1840c1d700 Options.max_bytes_for_level_multiplier_addtl[1]: 1
2020/03/10-11:58:17.709187 7f1840c1d700 Options.max_bytes_for_level_multiplier_addtl[2]: 1
2020/03/10-11:58:17.709189 7f1840c1d700 Options.max_bytes_for_level_multiplier_addtl[3]: 1
2020/03/10-11:58:17.709191 7f1840c1d700 Options.max_bytes_for_level_multiplier_addtl[4]: 1
2020/03/10-11:58:17.709192 7f1840c1d700 Options.max_bytes_for_level_multiplier_addtl[5]: 1
2020/03/10-11:58:17.709194 7f1840c1d700 Options.max_bytes_for_level_multiplier_addtl[6]: 1
2020/03/10-11:58:17.709195 7f1840c1d700       Options.max_sequential_skip_in_iterations: 8
2020/03/10-11:58:17.709197 7f1840c1d700                    Options.max_compaction_bytes: 1677721600
2020/03/10-11:58:17.709199 7f1840c1d700                        Options.arena_block_size: 262144
2020/03/10-11:58:17.709200 7f1840c1d700   Options.soft_pending_compaction_bytes_limit: 68719476736
2020/03/10-11:58:17.709202 7f1840c1d700   Options.hard_pending_compaction_bytes_limit: 274877906944
2020/03/10-11:58:17.709203 7f1840c1d700       Options.rate_limit_delay_max_milliseconds: 100
2020/03/10-11:58:17.709205 7f1840c1d700                Options.disable_auto_compactions: 0
2020/03/10-11:58:17.709207 7f1840c1d700                        Options.compaction_style: kCompactionStyleLevel
2020/03/10-11:58:17.709208 7f1840c1d700                          Options.compaction_pri: kMinOverlappingRatio
2020/03/10-11:58:17.709210 7f1840c1d700 Options.compaction_options_universal.size_ratio: 1
2020/03/10-11:58:17.709211 7f1840c1d700 Options.compaction_options_universal.min_merge_width: 2
2020/03/10-11:58:17.709213 7f1840c1d700 Options.compaction_options_universal.max_merge_width: 4294967295
2020/03/10-11:58:17.709214 7f1840c1d700 Options.compaction_options_universal.max_size_amplification_percent: 200
2020/03/10-11:58:17.709216 7f1840c1d700 Options.compaction_options_universal.compression_size_percent: -1
2020/03/10-11:58:17.709218 7f1840c1d700 Options.compaction_options_universal.stop_style: kCompactionStopStyleTotalSize
2020/03/10-11:58:17.709219 7f1840c1d700 Options.compaction_options_fifo.max_table_files_size: 1073741824
2020/03/10-11:58:17.709221 7f1840c1d700 Options.compaction_options_fifo.allow_compaction: 0
2020/03/10-11:58:17.709222 7f1840c1d700                   Options.table_properties_collectors: 
2020/03/10-11:58:17.709224 7f1840c1d700                   Options.inplace_update_support: 0
2020/03/10-11:58:17.709225 7f1840c1d700                 Options.inplace_update_num_locks: 10000
2020/03/10-11:58:17.709227 7f1840c1d700               Options.memtable_prefix_bloom_size_ratio: 0.000000
2020/03/10-11:58:17.709229 7f1840c1d700               Options.memtable_whole_key_filtering: 0
2020/03/10-11:58:17.709235 7f1840c1d700   Options.memtable_huge_page_size: 0
2020/03/10-11:58:17.709236 7f1840c1d700                           Options.bloom_locality: 0
2020/03/10-11:58:17.709238 7f1840c1d700                    Options.max_successive_merges: 0
2020/03/10-11:58:17.709240 7f1840c1d700                Options.optimize_filters_for_hits: 0
2020/03/10-11:58:17.709241 7f1840c1d700                Options.paranoid_file_checks: 0
2020/03/10-11:58:17.709243 7f1840c1d700                Options.force_consistency_checks: 0
2020/03/10-11:58:17.709244 7f1840c1d700                Options.report_bg_io_stats: 0
2020/03/10-11:58:17.709246 7f1840c1d700                               Options.ttl: 2592000
2020/03/10-11:58:17.709247 7f1840c1d700          Options.periodic_compaction_seconds: 0
2020/03/10-11:58:17.709336 7f1840c1d700 [lumn_family.cc:550] --------------- Options for column family [stateDiff]:
2020/03/10-11:58:17.709339 7f1840c1d700               Options.comparator: leveldb.BytewiseComparator
2020/03/10-11:58:17.709340 7f1840c1d700           Options.merge_operator: StringAppendOperator
2020/03/10-11:58:17.709342 7f1840c1d700        Options.compaction_filter: None
2020/03/10-11:58:17.709344 7f1840c1d700        Options.compaction_filter_factory: None
2020/03/10-11:58:17.709345 7f1840c1d700         Options.memtable_factory: SkipListFactory
2020/03/10-11:58:17.709347 7f1840c1d700            Options.table_factory: BlockBasedTable
2020/03/10-11:58:17.709372 7f1840c1d700            table_factory options:   flush_block_policy_factory: FlushBlockBySizePolicyFactory (0x7f1838aa7ec0)
  cache_index_and_filter_blocks: 0
  cache_index_and_filter_blocks_with_high_priority: 0
  pin_l0_filter_and_index_blocks_in_cache: 0
  pin_top_level_index_and_filter: 1
  index_type: 0
  data_block_index_type: 0
  index_shortening: 1
  data_block_hash_table_util_ratio: 0.750000
  hash_index_allow_collision: 1
  checksum: 1
  no_block_cache: 0
  block_cache: 0x7f1838aa6c50
  block_cache_name: LRUCache
  block_cache_options:
    capacity : 102400000
    num_shard_bits : 2
    strict_capacity_limit : 0
    memory_allocator : None
    high_pri_pool_ratio: 0.000
  block_cache_compressed: 0x7f1838aa4060
  block_cache_name: LRUCache
  block_cache_compressed_options:
    capacity : 32768
    num_shard_bits : 10
    strict_capacity_limit : 0
    memory_allocator : None
    high_pri_pool_ratio: 0.000
  persistent_cache: (nil)
  block_size: 4096
  block_size_deviation: 10
  block_restart_interval: 16
  index_block_restart_interval: 1
  metadata_block_size: 4096
  partition_filters: 0
  use_delta_encoding: 1
  filter_policy: rocksdb.BuiltinBloomFilter
  whole_key_filtering: 1
  verify_compression: 1
  read_amp_bytes_per_bit: 0
  format_version: 2
  enable_index_compression: 1
  block_align: 0
2020/03/10-11:58:17.709379 7f1840c1d700        Options.write_buffer_size: 2097152
2020/03/10-11:58:17.709380 7f1840c1d700  Options.max_write_buffer_number: 2
2020/03/10-11:58:17.709382 7f1840c1d700          Options.compression: Snappy
2020/03/10-11:58:17.709384 7f1840c1d700                  Options.bottommost_compression: Disabled
2020/03/10-11:58:17.709385 7f1840c1d700       Options.prefix_extractor: nullptr
2020/03/10-11:58:17.709387 7f1840c1d700   Options.memtable_insert_with_hint_prefix_extractor: nullptr
2020/03/10-11:58:17.709388 7f1840c1d700             Options.num_levels: 7
2020/03/10-11:58:17.709390 7f1840c1d700        Options.min_write_buffer_number_to_merge: 1
2020/03/10-11:58:17.709392 7f1840c1d700     Options.max_write_buffer_number_to_maintain: 0
2020/03/10-11:58:17.709393 7f1840c1d700     Options.max_write_buffer_size_to_maintain: 0
2020/03/10-11:58:17.709395 7f1840c1d700            Options.bottommost_compression_opts.window_bits: -14
2020/03/10-11:58:17.709396 7f1840c1d700                  Options.bottommost_compression_opts.level: 32767
2020/03/10-11:58:17.709398 7f1840c1d700               Options.bottommost_compression_opts.strategy: 0
2020/03/10-11:58:17.709400 7f1840c1d700         Options.bottommost_compression_opts.max_dict_bytes: 0
2020/03/10-11:58:17.709406 7f1840c1d700         Options.bottommost_compression_opts.zstd_max_train_bytes: 0
2020/03/10-11:58:17.709408 7f1840c1d700                  Options.bottommost_compression_opts.enabled: false
2020/03/10-11:58:17.709410 7f1840c1d700            Options.compression_opts.window_bits: -14
2020/03/10-11:58:17.709411 7f1840c1d700                  Options.compression_opts.level: 32767
2020/03/10-11:58:17.709413 7f1840c1d700               Options.compression_opts.strategy: 0
2020/03/10-11:58:17.709414 7f1840c1d700         Options.compression_opts.max_dict_bytes: 0
2020/03/10-11:58:17.709416 7f1840c1d700         Options.compression_opts.zstd_max_train_bytes: 0
2020/03/10-11:58:17.709417 7f1840c1d700                  Options.compression_opts.enabled: false
2020/03/10-11:58:17.709419 7f1840c1d700      Options.level0_file_num_compaction_trigger: 4
2020/03/10-11:58:17.709420 7f1840c1d700          Options.level0_slowdown_writes_trigger: 20
2020/03/10-11:58:17.709422 7f1840c1d700              Options.level0_stop_writes_trigger: 36
2020/03/10-11:58:17.709423 7f1840c1d700                   Options.target_file_size_base: 67108864
2020/03/10-11:58:17.709425 7f1840c1d700             Options.target_file_size_multiplier: 1
2020/03/10-11:58:17.709426 7f1840c1d700                Options.max_bytes_for_level_base: 268435456
2020/03/10-11:58:17.709428 7f1840c1d700 Options.level_compaction_dynamic_level_bytes: 0
2020/03/10-11:58:17.709430 7f1840c1d700          Options.max_bytes_for_level_multiplier: 10.000000
2020/03/10-11:58:17.709432 7f1840c1d700 Options.max_bytes_for_level_multiplier_addtl[0]: 1
2020/03/10-11:58:17.709433 7f1840c1d700 Options.max_bytes_for_level_multiplier_addtl[1]: 1
2020/03/10-11:58:17.709435 7f1840c1d700 Options.max_bytes_for_level_multiplier_addtl[2]: 1
2020/03/10-11:58:17.709436 7f1840c1d700 Options.max_bytes_for_level_multiplier_addtl[3]: 1
2020/03/10-11:58:17.709438 7f1840c1d700 Options.max_bytes_for_level_multiplier_addtl[4]: 1
2020/03/10-11:58:17.709440 7f1840c1d700 Options.max_bytes_for_level_multiplier_addtl[5]: 1
2020/03/10-11:58:17.709441 7f1840c1d700 Options.max_bytes_for_level_multiplier_addtl[6]: 1
2020/03/10-11:58:17.709443 7f1840c1d700       Options.max_sequential_skip_in_iterations: 8
2020/03/10-11:58:17.709444 7f1840c1d700                    Options.max_compaction_bytes: 1677721600
2020/03/10-11:58:17.709446 7f1840c1d700                        Options.arena_block_size: 262144
2020/03/10-11:58:17.709447 7f1840c1d700   Options.soft_pending_compaction_bytes_limit: 68719476736
2020/03/10-11:58:17.709449 7f1840c1d700   Options.hard_pending_compaction_bytes_limit: 274877906944
2020/03/10-11:58:17.709451 7f1840c1d700       Options.rate_limit_delay_max_milliseconds: 100
2020/03/10-11:58:17.709452 7f1840c1d700                Options.disable_auto_compactions: 0
2020/03/10-11:58:17.709454 7f1840c1d700                        Options.compaction_style: kCompactionStyleLevel
