2020/03/11-14:52:20.815728 7fe2bc241700 RocksDB version: 6.6.4
2020/03/11-14:52:20.815774 7fe2bc241700 Git sha rocksdb_build_git_sha:
2020/03/11-14:52:20.815777 7fe2bc241700 Compile date Feb 12 2020
2020/03/11-14:52:20.815780 7fe2bc241700 DB SUMMARY
2020/03/11-14:52:20.816098 7fe2bc241700 CURRENT file:  CURRENT
2020/03/11-14:52:20.816101 7fe2bc241700 IDENTITY file:  IDENTITY
2020/03/11-14:52:20.816119 7fe2bc241700 MANIFEST file:  MANIFEST-002025 size: 10830 Bytes
2020/03/11-14:52:20.816123 7fe2bc241700 SST files in testnetdb dir, Total Num: 146, files: 000049.sst 000077.sst 000087.sst 000097.sst 000117.sst 000144.sst 000157.sst 000171.sst 000190.sst 
2020/03/11-14:52:20.816126 7fe2bc241700 Write Ahead Log file in testnetdb: 002026.log size: 4845 ; 
2020/03/11-14:52:20.816142 7fe2bc241700                         Options.error_if_exists: 0
2020/03/11-14:52:20.816144 7fe2bc241700                       Options.create_if_missing: 1
2020/03/11-14:52:20.816146 7fe2bc241700                         Options.paranoid_checks: 1
2020/03/11-14:52:20.816147 7fe2bc241700                                     Options.env: 0x7fe1b3ffb020
2020/03/11-14:52:20.816149 7fe2bc241700                                Options.info_log: 0x7fe2b4b471b0
2020/03/11-14:52:20.816151 7fe2bc241700                Options.max_file_opening_threads: 16
2020/03/11-14:52:20.816153 7fe2bc241700                              Options.statistics: (nil)
2020/03/11-14:52:20.816155 7fe2bc241700                               Options.use_fsync: 0
2020/03/11-14:52:20.816157 7fe2bc241700                       Options.max_log_file_size: 1048576
2020/03/11-14:52:20.816158 7fe2bc241700                  Options.max_manifest_file_size: 1048576
2020/03/11-14:52:20.816160 7fe2bc241700                   Options.log_file_time_to_roll: 0
2020/03/11-14:52:20.816162 7fe2bc241700                       Options.keep_log_file_num: 1000
2020/03/11-14:52:20.816164 7fe2bc241700                    Options.recycle_log_file_num: 0
2020/03/11-14:52:20.816165 7fe2bc241700                         Options.allow_fallocate: 1
2020/03/11-14:52:20.816167 7fe2bc241700                        Options.allow_mmap_reads: 0
2020/03/11-14:52:20.816169 7fe2bc241700                       Options.allow_mmap_writes: 0
2020/03/11-14:52:20.816170 7fe2bc241700                        Options.use_direct_reads: 0
2020/03/11-14:52:20.816172 7fe2bc241700                        Options.use_direct_io_for_flush_and_compaction: 0
2020/03/11-14:52:20.816174 7fe2bc241700          Options.create_missing_column_families: 1
2020/03/11-14:52:20.816176 7fe2bc241700                              Options.db_log_dir: 
2020/03/11-14:52:20.816177 7fe2bc241700                                 Options.wal_dir: testnetdb
2020/03/11-14:52:20.816179 7fe2bc241700                Options.table_cache_numshardbits: 6
2020/03/11-14:52:20.816181 7fe2bc241700                      Options.max_subcompactions: 30
2020/03/11-14:52:20.816183 7fe2bc241700                  Options.max_background_flushes: -1
2020/03/11-14:52:20.816185 7fe2bc241700                         Options.WAL_ttl_seconds: 0
2020/03/11-14:52:20.816186 7fe2bc241700                       Options.WAL_size_limit_MB: 0
2020/03/11-14:52:20.816188 7fe2bc241700                        Options.max_write_batch_group_size_bytes: 1048576
2020/03/11-14:52:20.816190 7fe2bc241700             Options.manifest_preallocation_size: 4194304
2020/03/11-14:52:20.816192 7fe2bc241700                     Options.is_fd_close_on_exec: 1
2020/03/11-14:52:20.816194 7fe2bc241700                   Options.advise_random_on_open: 1
2020/03/11-14:52:20.816195 7fe2bc241700                    Options.db_write_buffer_size: 0
2020/03/11-14:52:20.816197 7fe2bc241700                    Options.write_buffer_manager: 0x7fe2b4b57fd0
2020/03/11-14:52:20.816199 7fe2bc241700         Options.access_hint_on_compaction_start: 1
2020/03/11-14:52:20.816200 7fe2bc241700  Options.new_table_reader_for_compaction_inputs: 0
2020/03/11-14:52:20.816202 7fe2bc241700           Options.random_access_max_buffer_size: 1048576
2020/03/11-14:52:20.816204 7fe2bc241700                      Options.use_adaptive_mutex: 0
2020/03/11-14:52:20.816206 7fe2bc241700                            Options.rate_limiter: (nil)
2020/03/11-14:52:20.816215 7fe2bc241700     Options.sst_file_manager.rate_bytes_per_sec: 0
2020/03/11-14:52:20.816217 7fe2bc241700                       Options.wal_recovery_mode: 2
2020/03/11-14:52:20.816219 7fe2bc241700                  Options.enable_thread_tracking: 0
2020/03/11-14:52:20.816221 7fe2bc241700                  Options.enable_pipelined_write: 0
2020/03/11-14:52:20.816223 7fe2bc241700                  Options.unordered_write: 0
2020/03/11-14:52:20.816224 7fe2bc241700         Options.allow_concurrent_memtable_write: 1
2020/03/11-14:52:20.816226 7fe2bc241700      Options.enable_write_thread_adaptive_yield: 1
2020/03/11-14:52:20.816228 7fe2bc241700             Options.write_thread_max_yield_usec: 100
2020/03/11-14:52:20.816229 7fe2bc241700            Options.write_thread_slow_yield_usec: 3
2020/03/11-14:52:20.816231 7fe2bc241700                               Options.row_cache: None
2020/03/11-14:52:20.816233 7fe2bc241700                              Options.wal_filter: None
2020/03/11-14:52:20.816235 7fe2bc241700             Options.avoid_flush_during_recovery: 0
2020/03/11-14:52:20.816236 7fe2bc241700             Options.allow_ingest_behind: 0
2020/03/11-14:52:20.816238 7fe2bc241700             Options.preserve_deletes: 0
2020/03/11-14:52:20.816240 7fe2bc241700             Options.two_write_queues: 0
2020/03/11-14:52:20.816241 7fe2bc241700             Options.manual_wal_flush: 0
2020/03/11-14:52:20.816243 7fe2bc241700             Options.atomic_flush: 0
2020/03/11-14:52:20.816245 7fe2bc241700             Options.avoid_unnecessary_blocking_io: 0
2020/03/11-14:52:20.816247 7fe2bc241700                 Options.persist_stats_to_disk: 0
2020/03/11-14:52:20.816248 7fe2bc241700                 Options.write_dbid_to_manifest: 0
2020/03/11-14:52:20.816250 7fe2bc241700                 Options.log_readahead_size: 0
2020/03/11-14:52:20.816252 7fe2bc241700             Options.max_background_jobs: 2
2020/03/11-14:52:20.816254 7fe2bc241700             Options.max_background_compactions: 1
2020/03/11-14:52:20.816255 7fe2bc241700             Options.avoid_flush_during_shutdown: 0
2020/03/11-14:52:20.816257 7fe2bc241700           Options.writable_file_max_buffer_size: 1048576
2020/03/11-14:52:20.816259 7fe2bc241700             Options.delayed_write_rate : 16777216
2020/03/11-14:52:20.816261 7fe2bc241700             Options.max_total_wal_size: 0
2020/03/11-14:52:20.816262 7fe2bc241700             Options.delete_obsolete_files_period_micros: 21600000000
2020/03/11-14:52:20.816264 7fe2bc241700                   Options.stats_dump_period_sec: 600
2020/03/11-14:52:20.816266 7fe2bc241700                 Options.stats_persist_period_sec: 600
2020/03/11-14:52:20.816268 7fe2bc241700                 Options.stats_history_buffer_size: 1048576
2020/03/11-14:52:20.816270 7fe2bc241700                          Options.max_open_files: 10000
2020/03/11-14:52:20.816272 7fe2bc241700                          Options.bytes_per_sync: 0
2020/03/11-14:52:20.816273 7fe2bc241700                      Options.wal_bytes_per_sync: 0
2020/03/11-14:52:20.816275 7fe2bc241700                   Options.strict_bytes_per_sync: 0
2020/03/11-14:52:20.816277 7fe2bc241700       Options.compaction_readahead_size: 0
2020/03/11-14:52:20.816279 7fe2bc241700 Compression algorithms supported:
2020/03/11-14:52:20.816281 7fe2bc241700 	kZSTDNotFinalCompression supported: 1
2020/03/11-14:52:20.816283 7fe2bc241700 	kZSTD supported: 1
2020/03/11-14:52:20.816286 7fe2bc241700 	kXpressCompression supported: 0
2020/03/11-14:52:20.816288 7fe2bc241700 	kLZ4HCCompression supported: 1
2020/03/11-14:52:20.816290 7fe2bc241700 	kLZ4Compression supported: 1
2020/03/11-14:52:20.816292 7fe2bc241700 	kBZip2Compression supported: 1
2020/03/11-14:52:20.816294 7fe2bc241700 	kZlibCompression supported: 1
2020/03/11-14:52:20.816296 7fe2bc241700 	kSnappyCompression supported: 1
2020/03/11-14:52:20.816298 7fe2bc241700 Fast CRC32 supported: Not supported on x86
2020/03/11-14:52:20.816426 7fe2bc241700 [rsion_set.cc:4377] Recovering from manifest file: testnetdb/MANIFEST-002025
2020/03/11-14:52:20.816476 7fe2bc241700 [lumn_family.cc:550] --------------- Options for column family [default]:
2020/03/11-14:52:20.816479 7fe2bc241700               Options.comparator: leveldb.BytewiseComparator
2020/03/11-14:52:20.816482 7fe2bc241700           Options.merge_operator: StringAppendOperator
2020/03/11-14:52:20.816483 7fe2bc241700        Options.compaction_filter: None
2020/03/11-14:52:20.816485 7fe2bc241700        Options.compaction_filter_factory: None
2020/03/11-14:52:20.816486 7fe2bc241700         Options.memtable_factory: SkipListFactory
2020/03/11-14:52:20.816488 7fe2bc241700            Options.table_factory: BlockBasedTable
2020/03/11-14:52:20.816550 7fe2bc241700            table_factory options:   flush_block_policy_factory: FlushBlockBySizePolicyFactory (0x7fe2b4af7ba0)
  cache_index_and_filter_blocks: 0
  cache_index_and_filter_blocks_with_high_priority: 0
  pin_l0_filter_and_index_blocks_in_cache: 0
  pin_top_level_index_and_filter: 1
  index_type: 0
  data_block_index_type: 0
  index_shortening: 1
  data_block_hash_table_util_ratio: 0.750000
  hash_index_allow_collision: 1
  checksum: 1
  no_block_cache: 0
  block_cache: 0x7fe2b4adec90
  block_cache_name: LRUCache
  block_cache_options:
    capacity : 102400000
    num_shard_bits : 2
    strict_capacity_limit : 0
    memory_allocator : None
    high_pri_pool_ratio: 0.000
  block_cache_compressed: 0x7fe2b4aed4a0
  block_cache_name: LRUCache
  block_cache_compressed_options:
    capacity : 32768
    num_shard_bits : 10
    strict_capacity_limit : 0
    memory_allocator : None
    high_pri_pool_ratio: 0.000
  persistent_cache: (nil)
  block_size: 4096
  block_size_deviation: 10
  block_restart_interval: 16
  index_block_restart_interval: 1
  metadata_block_size: 4096
  partition_filters: 0
  use_delta_encoding: 1
  filter_policy: rocksdb.BuiltinBloomFilter
  whole_key_filtering: 1
  verify_compression: 1
  read_amp_bytes_per_bit: 0
  format_version: 2
  enable_index_compression: 1
  block_align: 0
2020/03/11-14:52:20.816558 7fe2bc241700        Options.write_buffer_size: 2097152
2020/03/11-14:52:20.816560 7fe2bc241700  Options.max_write_buffer_number: 2
2020/03/11-14:52:20.816562 7fe2bc241700          Options.compression: Snappy
2020/03/11-14:52:20.816564 7fe2bc241700                  Options.bottommost_compression: Disabled
2020/03/11-14:52:20.816566 7fe2bc241700       Options.prefix_extractor: nullptr
2020/03/11-14:52:20.816568 7fe2bc241700   Options.memtable_insert_with_hint_prefix_extractor: nullptr
2020/03/11-14:52:20.816570 7fe2bc241700             Options.num_levels: 7
2020/03/11-14:52:20.816572 7fe2bc241700        Options.min_write_buffer_number_to_merge: 1
2020/03/11-14:52:20.816573 7fe2bc241700     Options.max_write_buffer_number_to_maintain: 0
2020/03/11-14:52:20.816575 7fe2bc241700     Options.max_write_buffer_size_to_maintain: 0
2020/03/11-14:52:20.816577 7fe2bc241700            Options.bottommost_compression_opts.window_bits: -14
2020/03/11-14:52:20.816579 7fe2bc241700                  Options.bottommost_compression_opts.level: 32767
2020/03/11-14:52:20.816581 7fe2bc241700               Options.bottommost_compression_opts.strategy: 0
2020/03/11-14:52:20.816583 7fe2bc241700         Options.bottommost_compression_opts.max_dict_bytes: 0
2020/03/11-14:52:20.816585 7fe2bc241700         Options.bottommost_compression_opts.zstd_max_train_bytes: 0
2020/03/11-14:52:20.816587 7fe2bc241700                  Options.bottommost_compression_opts.enabled: false
2020/03/11-14:52:20.816589 7fe2bc241700            Options.compression_opts.window_bits: -14
2020/03/11-14:52:20.816591 7fe2bc241700                  Options.compression_opts.level: 32767
2020/03/11-14:52:20.816592 7fe2bc241700               Options.compression_opts.strategy: 0
2020/03/11-14:52:20.816594 7fe2bc241700         Options.compression_opts.max_dict_bytes: 0
2020/03/11-14:52:20.816596 7fe2bc241700         Options.compression_opts.zstd_max_train_bytes: 0
2020/03/11-14:52:20.816598 7fe2bc241700                  Options.compression_opts.enabled: false
2020/03/11-14:52:20.816608 7fe2bc241700      Options.level0_file_num_compaction_trigger: 4
2020/03/11-14:52:20.816610 7fe2bc241700          Options.level0_slowdown_writes_trigger: 20
2020/03/11-14:52:20.816612 7fe2bc241700              Options.level0_stop_writes_trigger: 36
2020/03/11-14:52:20.816614 7fe2bc241700                   Options.target_file_size_base: 67108864
2020/03/11-14:52:20.816615 7fe2bc241700             Options.target_file_size_multiplier: 1
2020/03/11-14:52:20.816617 7fe2bc241700                Options.max_bytes_for_level_base: 268435456
2020/03/11-14:52:20.816619 7fe2bc241700 Options.level_compaction_dynamic_level_bytes: 0
2020/03/11-14:52:20.816622 7fe2bc241700          Options.max_bytes_for_level_multiplier: 10.000000
2020/03/11-14:52:20.816624 7fe2bc241700 Options.max_bytes_for_level_multiplier_addtl[0]: 1
2020/03/11-14:52:20.816626 7fe2bc241700 Options.max_bytes_for_level_multiplier_addtl[1]: 1
2020/03/11-14:52:20.816628 7fe2bc241700 Options.max_bytes_for_level_multiplier_addtl[2]: 1
2020/03/11-14:52:20.816630 7fe2bc241700 Options.max_bytes_for_level_multiplier_addtl[3]: 1
2020/03/11-14:52:20.816632 7fe2bc241700 Options.max_bytes_for_level_multiplier_addtl[4]: 1
2020/03/11-14:52:20.816634 7fe2bc241700 Options.max_bytes_for_level_multiplier_addtl[5]: 1
2020/03/11-14:52:20.816636 7fe2bc241700 Options.max_bytes_for_level_multiplier_addtl[6]: 1
2020/03/11-14:52:20.816638 7fe2bc241700       Options.max_sequential_skip_in_iterations: 8
2020/03/11-14:52:20.816640 7fe2bc241700                    Options.max_compaction_bytes: 1677721600
2020/03/11-14:52:20.816642 7fe2bc241700                        Options.arena_block_size: 262144
2020/03/11-14:52:20.816644 7fe2bc241700   Options.soft_pending_compaction_bytes_limit: 68719476736
2020/03/11-14:52:20.816646 7fe2bc241700   Options.hard_pending_compaction_bytes_limit: 274877906944
2020/03/11-14:52:20.816648 7fe2bc241700       Options.rate_limit_delay_max_milliseconds: 100
2020/03/11-14:52:20.816649 7fe2bc241700                Options.disable_auto_compactions: 0
2020/03/11-14:52:20.816652 7fe2bc241700                        Options.compaction_style: kCompactionStyleLevel
2020/03/11-14:52:20.816654 7fe2bc241700                          Options.compaction_pri: kMinOverlappingRatio
2020/03/11-14:52:20.816656 7fe2bc241700 Options.compaction_options_universal.size_ratio: 1
2020/03/11-14:52:20.816658 7fe2bc241700 Options.compaction_options_universal.min_merge_width: 2
2020/03/11-14:52:20.816660 7fe2bc241700 Options.compaction_options_universal.max_merge_width: 4294967295
2020/03/11-14:52:20.816662 7fe2bc241700 Options.compaction_options_universal.max_size_amplification_percent: 200
2020/03/11-14:52:20.816664 7fe2bc241700 Options.compaction_options_universal.compression_size_percent: -1
2020/03/11-14:52:20.816666 7fe2bc241700 Options.compaction_options_universal.stop_style: kCompactionStopStyleTotalSize
2020/03/11-14:52:20.816668 7fe2bc241700 Options.compaction_options_fifo.max_table_files_size: 1073741824
2020/03/11-14:52:20.816669 7fe2bc241700 Options.compaction_options_fifo.allow_compaction: 0
2020/03/11-14:52:20.816671 7fe2bc241700                   Options.table_properties_collectors: 
2020/03/11-14:52:20.816673 7fe2bc241700                   Options.inplace_update_support: 0
2020/03/11-14:52:20.816675 7fe2bc241700                 Options.inplace_update_num_locks: 10000
2020/03/11-14:52:20.816677 7fe2bc241700               Options.memtable_prefix_bloom_size_ratio: 0.000000
2020/03/11-14:52:20.816679 7fe2bc241700               Options.memtable_whole_key_filtering: 0
2020/03/11-14:52:20.816681 7fe2bc241700   Options.memtable_huge_page_size: 0
2020/03/11-14:52:20.816682 7fe2bc241700                           Options.bloom_locality: 0
2020/03/11-14:52:20.816684 7fe2bc241700                    Options.max_successive_merges: 0
2020/03/11-14:52:20.816686 7fe2bc241700                Options.optimize_filters_for_hits: 0
2020/03/11-14:52:20.816687 7fe2bc241700                Options.paranoid_file_checks: 0
2020/03/11-14:52:20.816689 7fe2bc241700                Options.force_consistency_checks: 0
2020/03/11-14:52:20.816696 7fe2bc241700                Options.report_bg_io_stats: 0
2020/03/11-14:52:20.816698 7fe2bc241700                               Options.ttl: 2592000
2020/03/11-14:52:20.816700 7fe2bc241700          Options.periodic_compaction_seconds: 0
2020/03/11-14:52:20.816746 7fe2bc241700 [lumn_family.cc:550] --------------- Options for column family [transaction]:
2020/03/11-14:52:20.816749 7fe2bc241700               Options.comparator: leveldb.BytewiseComparator
2020/03/11-14:52:20.816752 7fe2bc241700           Options.merge_operator: StringAppendOperator
2020/03/11-14:52:20.816754 7fe2bc241700        Options.compaction_filter: None
2020/03/11-14:52:20.816755 7fe2bc241700        Options.compaction_filter_factory: None
2020/03/11-14:52:20.816757 7fe2bc241700         Options.memtable_factory: SkipListFactory
2020/03/11-14:52:20.816759 7fe2bc241700            Options.table_factory: BlockBasedTable
2020/03/11-14:52:20.816791 7fe2bc241700            table_factory options:   flush_block_policy_factory: FlushBlockBySizePolicyFactory (0x7fe2b4af7ba0)
  cache_index_and_filter_blocks: 0
  cache_index_and_filter_blocks_with_high_priority: 0
  pin_l0_filter_and_index_blocks_in_cache: 0
  pin_top_level_index_and_filter: 1
  index_type: 0
  data_block_index_type: 0
  index_shortening: 1
  data_block_hash_table_util_ratio: 0.750000
  hash_index_allow_collision: 1
  checksum: 1
  no_block_cache: 0
  block_cache: 0x7fe2b4adec90
  block_cache_name: LRUCache
  block_cache_options:
    capacity : 102400000
    num_shard_bits : 2
    strict_capacity_limit : 0
    memory_allocator : None
    high_pri_pool_ratio: 0.000
  block_cache_compressed: 0x7fe2b4aed4a0
  block_cache_name: LRUCache
  block_cache_compressed_options:
    capacity : 32768
    num_shard_bits : 10
    strict_capacity_limit : 0
    memory_allocator : None
    high_pri_pool_ratio: 0.000
  persistent_cache: (nil)
  block_size: 4096
  block_size_deviation: 10
  block_restart_interval: 16
  index_block_restart_interval: 1
  metadata_block_size: 4096
  partition_filters: 0
  use_delta_encoding: 1
  filter_policy: rocksdb.BuiltinBloomFilter
  whole_key_filtering: 1
  verify_compression: 1
  read_amp_bytes_per_bit: 0
  format_version: 2
  enable_index_compression: 1
  block_align: 0
2020/03/11-14:52:20.816799 7fe2bc241700        Options.write_buffer_size: 2097152
2020/03/11-14:52:20.816800 7fe2bc241700  Options.max_write_buffer_number: 2
2020/03/11-14:52:20.816802 7fe2bc241700          Options.compression: Snappy
2020/03/11-14:52:20.816804 7fe2bc241700                  Options.bottommost_compression: Disabled
2020/03/11-14:52:20.816806 7fe2bc241700       Options.prefix_extractor: nullptr
2020/03/11-14:52:20.816808 7fe2bc241700   Options.memtable_insert_with_hint_prefix_extractor: nullptr
2020/03/11-14:52:20.816810 7fe2bc241700             Options.num_levels: 7
2020/03/11-14:52:20.816811 7fe2bc241700        Options.min_write_buffer_number_to_merge: 1
2020/03/11-14:52:20.816813 7fe2bc241700     Options.max_write_buffer_number_to_maintain: 0
2020/03/11-14:52:20.816815 7fe2bc241700     Options.max_write_buffer_size_to_maintain: 0
2020/03/11-14:52:20.816817 7fe2bc241700            Options.bottommost_compression_opts.window_bits: -14
2020/03/11-14:52:20.816819 7fe2bc241700                  Options.bottommost_compression_opts.level: 32767
2020/03/11-14:52:20.816820 7fe2bc241700               Options.bottommost_compression_opts.strategy: 0
2020/03/11-14:52:20.816822 7fe2bc241700         Options.bottommost_compression_opts.max_dict_bytes: 0
2020/03/11-14:52:20.816824 7fe2bc241700         Options.bottommost_compression_opts.zstd_max_train_bytes: 0
2020/03/11-14:52:20.816826 7fe2bc241700                  Options.bottommost_compression_opts.enabled: false
2020/03/11-14:52:20.816828 7fe2bc241700            Options.compression_opts.window_bits: -14
2020/03/11-14:52:20.816830 7fe2bc241700                  Options.compression_opts.level: 32767
2020/03/11-14:52:20.816831 7fe2bc241700               Options.compression_opts.strategy: 0
2020/03/11-14:52:20.816839 7fe2bc241700         Options.compression_opts.max_dict_bytes: 0
2020/03/11-14:52:20.816841 7fe2bc241700         Options.compression_opts.zstd_max_train_bytes: 0
2020/03/11-14:52:20.816843 7fe2bc241700                  Options.compression_opts.enabled: false
2020/03/11-14:52:20.816845 7fe2bc241700      Options.level0_file_num_compaction_trigger: 4
2020/03/11-14:52:20.816847 7fe2bc241700          Options.level0_slowdown_writes_trigger: 20
2020/03/11-14:52:20.816849 7fe2bc241700              Options.level0_stop_writes_trigger: 36
2020/03/11-14:52:20.816851 7fe2bc241700                   Options.target_file_size_base: 67108864
2020/03/11-14:52:20.816852 7fe2bc241700             Options.target_file_size_multiplier: 1
2020/03/11-14:52:20.816854 7fe2bc241700                Options.max_bytes_for_level_base: 268435456
2020/03/11-14:52:20.816856 7fe2bc241700 Options.level_compaction_dynamic_level_bytes: 0
2020/03/11-14:52:20.816858 7fe2bc241700          Options.max_bytes_for_level_multiplier: 10.000000
2020/03/11-14:52:20.816860 7fe2bc241700 Options.max_bytes_for_level_multiplier_addtl[0]: 1
2020/03/11-14:52:20.816862 7fe2bc241700 Options.max_bytes_for_level_multiplier_addtl[1]: 1
2020/03/11-14:52:20.816864 7fe2bc241700 Options.max_bytes_for_level_multiplier_addtl[2]: 1
2020/03/11-14:52:20.816866 7fe2bc241700 Options.max_bytes_for_level_multiplier_addtl[3]: 1
2020/03/11-14:52:20.816868 7fe2bc241700 Options.max_bytes_for_level_multiplier_addtl[4]: 1
2020/03/11-14:52:20.816870 7fe2bc241700 Options.max_bytes_for_level_multiplier_addtl[5]: 1
2020/03/11-14:52:20.816871 7fe2bc241700 Options.max_bytes_for_level_multiplier_addtl[6]: 1
2020/03/11-14:52:20.816873 7fe2bc241700       Options.max_sequential_skip_in_iterations: 8
2020/03/11-14:52:20.816875 7fe2bc241700                    Options.max_compaction_bytes: 1677721600
2020/03/11-14:52:20.816877 7fe2bc241700                        Options.arena_block_size: 262144
2020/03/11-14:52:20.816879 7fe2bc241700   Options.soft_pending_compaction_bytes_limit: 68719476736
2020/03/11-14:52:20.816880 7fe2bc241700   Options.hard_pending_compaction_bytes_limit: 274877906944
2020/03/11-14:52:20.816882 7fe2bc241700       Options.rate_limit_delay_max_milliseconds: 100
2020/03/11-14:52:20.816884 7fe2bc241700                Options.disable_auto_compactions: 0
2020/03/11-14:52:20.816886 7fe2bc241700                        Options.compaction_style: kCompactionStyleLevel
2020/03/11-14:52:20.816888 7fe2bc241700                          Options.compaction_pri: kMinOverlappingRatio
2020/03/11-14:52:20.816890 7fe2bc241700 Options.compaction_options_universal.size_ratio: 1
2020/03/11-14:52:20.816891 7fe2bc241700 Options.compaction_options_universal.min_merge_width: 2
2020/03/11-14:52:20.816893 7fe2bc241700 Options.compaction_options_universal.max_merge_width: 4294967295
2020/03/11-14:52:20.816895 7fe2bc241700 Options.compaction_options_universal.max_size_amplification_percent: 200
2020/03/11-14:52:20.816897 7fe2bc241700 Options.compaction_options_universal.compression_size_percent: -1
2020/03/11-14:52:20.816899 7fe2bc241700 Options.compaction_options_universal.stop_style: kCompactionStopStyleTotalSize
2020/03/11-14:52:20.816901 7fe2bc241700 Options.compaction_options_fifo.max_table_files_size: 1073741824
2020/03/11-14:52:20.816902 7fe2bc241700 Options.compaction_options_fifo.allow_compaction: 0
2020/03/11-14:52:20.816904 7fe2bc241700                   Options.table_properties_collectors: 
2020/03/11-14:52:20.816906 7fe2bc241700                   Options.inplace_update_support: 0
2020/03/11-14:52:20.816908 7fe2bc241700                 Options.inplace_update_num_locks: 10000
2020/03/11-14:52:20.816910 7fe2bc241700               Options.memtable_prefix_bloom_size_ratio: 0.000000
2020/03/11-14:52:20.816912 7fe2bc241700               Options.memtable_whole_key_filtering: 0
2020/03/11-14:52:20.816913 7fe2bc241700   Options.memtable_huge_page_size: 0
2020/03/11-14:52:20.816915 7fe2bc241700                           Options.bloom_locality: 0
2020/03/11-14:52:20.816917 7fe2bc241700                    Options.max_successive_merges: 0
2020/03/11-14:52:20.816924 7fe2bc241700                Options.optimize_filters_for_hits: 0
2020/03/11-14:52:20.816925 7fe2bc241700                Options.paranoid_file_checks: 0
2020/03/11-14:52:20.816927 7fe2bc241700                Options.force_consistency_checks: 0
2020/03/11-14:52:20.816929 7fe2bc241700                Options.report_bg_io_stats: 0
2020/03/11-14:52:20.816931 7fe2bc241700                               Options.ttl: 2592000
2020/03/11-14:52:20.816932 7fe2bc241700          Options.periodic_compaction_seconds: 0
2020/03/11-14:52:20.816959 7fe2bc241700 [lumn_family.cc:550] --------------- Options for column family [milestone]:
2020/03/11-14:52:20.816962 7fe2bc241700               Options.comparator: leveldb.BytewiseComparator
2020/03/11-14:52:20.816964 7fe2bc241700           Options.merge_operator: StringAppendOperator
2020/03/11-14:52:20.816966 7fe2bc241700        Options.compaction_filter: None
2020/03/11-14:52:20.816967 7fe2bc241700        Options.compaction_filter_factory: None
2020/03/11-14:52:20.816969 7fe2bc241700         Options.memtable_factory: SkipListFactory
2020/03/11-14:52:20.816971 7fe2bc241700            Options.table_factory: BlockBasedTable
2020/03/11-14:52:20.817001 7fe2bc241700            table_factory options:   flush_block_policy_factory: FlushBlockBySizePolicyFactory (0x7fe2b4af7ba0)
  cache_index_and_filter_blocks: 0
  cache_index_and_filter_blocks_with_high_priority: 0
  pin_l0_filter_and_index_blocks_in_cache: 0
  pin_top_level_index_and_filter: 1
  index_type: 0
  data_block_index_type: 0
  index_shortening: 1
  data_block_hash_table_util_ratio: 0.750000
  hash_index_allow_collision: 1
  checksum: 1
  no_block_cache: 0
  block_cache: 0x7fe2b4adec90
  block_cache_name: LRUCache
  block_cache_options:
    capacity : 102400000
    num_shard_bits : 2
    strict_capacity_limit : 0
    memory_allocator : None
    high_pri_pool_ratio: 0.000
  block_cache_compressed: 0x7fe2b4aed4a0
  block_cache_name: LRUCache
  block_cache_compressed_options:
    capacity : 32768
    num_shard_bits : 10
    strict_capacity_limit : 0
    memory_allocator : None
    high_pri_pool_ratio: 0.000
  persistent_cache: (nil)
  block_size: 4096
  block_size_deviation: 10
  block_restart_interval: 16
  index_block_restart_interval: 1
  metadata_block_size: 4096
  partition_filters: 0
  use_delta_encoding: 1
  filter_policy: rocksdb.BuiltinBloomFilter
  whole_key_filtering: 1
  verify_compression: 1
  read_amp_bytes_per_bit: 0
  format_version: 2
  enable_index_compression: 1
  block_align: 0
2020/03/11-14:52:20.817008 7fe2bc241700        Options.write_buffer_size: 2097152
2020/03/11-14:52:20.817010 7fe2bc241700  Options.max_write_buffer_number: 2
2020/03/11-14:52:20.817012 7fe2bc241700          Options.compression: Snappy
2020/03/11-14:52:20.817014 7fe2bc241700                  Options.bottommost_compression: Disabled
2020/03/11-14:52:20.817016 7fe2bc241700       Options.prefix_extractor: nullptr
2020/03/11-14:52:20.817017 7fe2bc241700   Options.memtable_insert_with_hint_prefix_extractor: nullptr
2020/03/11-14:52:20.817019 7fe2bc241700             Options.num_levels: 7
2020/03/11-14:52:20.817021 7fe2bc241700        Options.min_write_buffer_number_to_merge: 1
2020/03/11-14:52:20.817023 7fe2bc241700     Options.max_write_buffer_number_to_maintain: 0
2020/03/11-14:52:20.817024 7fe2bc241700     Options.max_write_buffer_size_to_maintain: 0
2020/03/11-14:52:20.817026 7fe2bc241700            Options.bottommost_compression_opts.window_bits: -14
2020/03/11-14:52:20.817028 7fe2bc241700                  Options.bottommost_compression_opts.level: 32767
2020/03/11-14:52:20.817029 7fe2bc241700               Options.bottommost_compression_opts.strategy: 0
2020/03/11-14:52:20.817031 7fe2bc241700         Options.bottommost_compression_opts.max_dict_bytes: 0
2020/03/11-14:52:20.817033 7fe2bc241700         Options.bottommost_compression_opts.zstd_max_train_bytes: 0
2020/03/11-14:52:20.817035 7fe2bc241700                  Options.bottommost_compression_opts.enabled: false
2020/03/11-14:52:20.817036 7fe2bc241700            Options.compression_opts.window_bits: -14
2020/03/11-14:52:20.817044 7fe2bc241700                  Options.compression_opts.level: 32767
2020/03/11-14:52:20.817046 7fe2bc241700               Options.compression_opts.strategy: 0
2020/03/11-14:52:20.817048 7fe2bc241700         Options.compression_opts.max_dict_bytes: 0
2020/03/11-14:52:20.817049 7fe2bc241700         Options.compression_opts.zstd_max_train_bytes: 0
2020/03/11-14:52:20.817051 7fe2bc241700                  Options.compression_opts.enabled: false
2020/03/11-14:52:20.817053 7fe2bc241700      Options.level0_file_num_compaction_trigger: 4
2020/03/11-14:52:20.817054 7fe2bc241700          Options.level0_slowdown_writes_trigger: 20
2020/03/11-14:52:20.817056 7fe2bc241700              Options.level0_stop_writes_trigger: 36
2020/03/11-14:52:20.817058 7fe2bc241700                   Options.target_file_size_base: 67108864
2020/03/11-14:52:20.817060 7fe2bc241700             Options.target_file_size_multiplier: 1
2020/03/11-14:52:20.817061 7fe2bc241700                Options.max_bytes_for_level_base: 268435456
2020/03/11-14:52:20.817063 7fe2bc241700 Options.level_compaction_dynamic_level_bytes: 0
2020/03/11-14:52:20.817065 7fe2bc241700          Options.max_bytes_for_level_multiplier: 10.000000
2020/03/11-14:52:20.817067 7fe2bc241700 Options.max_bytes_for_level_multiplier_addtl[0]: 1
2020/03/11-14:52:20.817069 7fe2bc241700 Options.max_bytes_for_level_multiplier_addtl[1]: 1
2020/03/11-14:52:20.817071 7fe2bc241700 Options.max_bytes_for_level_multiplier_addtl[2]: 1
2020/03/11-14:52:20.817073 7fe2bc241700 Options.max_bytes_for_level_multiplier_addtl[3]: 1
2020/03/11-14:52:20.817075 7fe2bc241700 Options.max_bytes_for_level_multiplier_addtl[4]: 1
2020/03/11-14:52:20.817077 7fe2bc241700 Options.max_bytes_for_level_multiplier_addtl[5]: 1
2020/03/11-14:52:20.817078 7fe2bc241700 Options.max_bytes_for_level_multiplier_addtl[6]: 1
2020/03/11-14:52:20.817080 7fe2bc241700       Options.max_sequential_skip_in_iterations: 8
2020/03/11-14:52:20.817082 7fe2bc241700                    Options.max_compaction_bytes: 1677721600
2020/03/11-14:52:20.817084 7fe2bc241700                        Options.arena_block_size: 262144
2020/03/11-14:52:20.817086 7fe2bc241700   Options.soft_pending_compaction_bytes_limit: 68719476736
2020/03/11-14:52:20.817087 7fe2bc241700   Options.hard_pending_compaction_bytes_limit: 274877906944
2020/03/11-14:52:20.817089 7fe2bc241700       Options.rate_limit_delay_max_milliseconds: 100
2020/03/11-14:52:20.817091 7fe2bc241700                Options.disable_auto_compactions: 0
2020/03/11-14:52:20.817093 7fe2bc241700                        Options.compaction_style: kCompactionStyleLevel
2020/03/11-14:52:20.817095 7fe2bc241700                          Options.compaction_pri: kMinOverlappingRatio
2020/03/11-14:52:20.817097 7fe2bc241700 Options.compaction_options_universal.size_ratio: 1
2020/03/11-14:52:20.817098 7fe2bc241700 Options.compaction_options_universal.min_merge_width: 2
2020/03/11-14:52:20.817100 7fe2bc241700 Options.compaction_options_universal.max_merge_width: 4294967295
2020/03/11-14:52:20.817102 7fe2bc241700 Options.compaction_options_universal.max_size_amplification_percent: 200
2020/03/11-14:52:20.817103 7fe2bc241700 Options.compaction_options_universal.compression_size_percent: -1
2020/03/11-14:52:20.817105 7fe2bc241700 Options.compaction_options_universal.stop_style: kCompactionStopStyleTotalSize
2020/03/11-14:52:20.817107 7fe2bc241700 Options.compaction_options_fifo.max_table_files_size: 1073741824
2020/03/11-14:52:20.817109 7fe2bc241700 Options.compaction_options_fifo.allow_compaction: 0
2020/03/11-14:52:20.817111 7fe2bc241700                   Options.table_properties_collectors: 
2020/03/11-14:52:20.817112 7fe2bc241700                   Options.inplace_update_support: 0
2020/03/11-14:52:20.817114 7fe2bc241700                 Options.inplace_update_num_locks: 10000
2020/03/11-14:52:20.817116 7fe2bc241700               Options.memtable_prefix_bloom_size_ratio: 0.000000
2020/03/11-14:52:20.817118 7fe2bc241700               Options.memtable_whole_key_filtering: 0
2020/03/11-14:52:20.817125 7fe2bc241700   Options.memtable_huge_page_size: 0
2020/03/11-14:52:20.817127 7fe2bc241700                           Options.bloom_locality: 0
2020/03/11-14:52:20.817128 7fe2bc241700                    Options.max_successive_merges: 0
2020/03/11-14:52:20.817130 7fe2bc241700                Options.optimize_filters_for_hits: 0
2020/03/11-14:52:20.817132 7fe2bc241700                Options.paranoid_file_checks: 0
2020/03/11-14:52:20.817134 7fe2bc241700                Options.force_consistency_checks: 0
2020/03/11-14:52:20.817135 7fe2bc241700                Options.report_bg_io_stats: 0
2020/03/11-14:52:20.817137 7fe2bc241700                               Options.ttl: 2592000
2020/03/11-14:52:20.817139 7fe2bc241700          Options.periodic_compaction_seconds: 0
2020/03/11-14:52:20.817249 7fe2bc241700 [lumn_family.cc:550] --------------- Options for column family [stateDiff]:
2020/03/11-14:52:20.817252 7fe2bc241700               Options.comparator: leveldb.BytewiseComparator
2020/03/11-14:52:20.817254 7fe2bc241700           Options.merge_operator: StringAppendOperator
2020/03/11-14:52:20.817255 7fe2bc241700        Options.compaction_filter: None
2020/03/11-14:52:20.817257 7fe2bc241700        Options.compaction_filter_factory: None
2020/03/11-14:52:20.817259 7fe2bc241700         Options.memtable_factory: SkipListFactory
2020/03/11-14:52:20.817261 7fe2bc241700            Options.table_factory: BlockBasedTable
2020/03/11-14:52:20.817299 7fe2bc241700            table_factory options:   flush_block_policy_factory: FlushBlockBySizePolicyFactory (0x7fe2b4af7ba0)
  cache_index_and_filter_blocks: 0
  cache_index_and_filter_blocks_with_high_priority: 0
  pin_l0_filter_and_index_blocks_in_cache: 0
  pin_top_level_index_and_filter: 1
  index_type: 0
  data_block_index_type: 0
  index_shortening: 1
  data_block_hash_table_util_ratio: 0.750000
  hash_index_allow_collision: 1
  checksum: 1
  no_block_cache: 0
  block_cache: 0x7fe2b4adec90
  block_cache_name: LRUCache
  block_cache_options:
    capacity : 102400000
    num_shard_bits : 2
    strict_capacity_limit : 0
    memory_allocator : None
    high_pri_pool_ratio: 0.000
  block_cache_compressed: 0x7fe2b4aed4a0
  block_cache_name: LRUCache
  block_cache_compressed_options:
    capacity : 32768
    num_shard_bits : 10
    strict_capacity_limit : 0
    memory_allocator : None
    high_pri_pool_ratio: 0.000
  persistent_cache: (nil)
  block_size: 4096
  block_size_deviation: 10
  block_restart_interval: 16
  index_block_restart_interval: 1
  metadata_block_size: 4096
  partition_filters: 0
  use_delta_encoding: 1
  filter_policy: rocksdb.BuiltinBloomFilter
  whole_key_filtering: 1
  verify_compression: 1
  read_amp_bytes_per_bit: 0
  format_version: 2
  enable_index_compression: 1
  block_align: 0
2020/03/11-14:52:20.817307 7fe2bc241700        Options.write_buffer_size: 2097152
2020/03/11-14:52:20.817309 7fe2bc241700  Options.max_write_buffer_number: 2
2020/03/11-14:52:20.817310 7fe2bc241700          Options.compression: Snappy
2020/03/11-14:52:20.817312 7fe2bc241700                  Options.bottommost_compression: Disabled
2020/03/11-14:52:20.817314 7fe2bc241700       Options.prefix_extractor: nullptr
2020/03/11-14:52:20.817316 7fe2bc241700   Options.memtable_insert_with_hint_prefix_extractor: nullptr
2020/03/11-14:52:20.817318 7fe2bc241700             Options.num_levels: 7
2020/03/11-14:52:20.817319 7fe2bc241700        Options.min_write_buffer_number_to_merge: 1
2020/03/11-14:52:20.817321 7fe2bc241700     Options.max_write_buffer_number_to_maintain: 0
2020/03/11-14:52:20.817323 7fe2bc241700     Options.max_write_buffer_size_to_maintain: 0
2020/03/11-14:52:20.817325 7fe2bc241700            Options.bottommost_compression_opts.window_bits: -14
2020/03/11-14:52:20.817326 7fe2bc241700                  Options.bottommost_compression_opts.level: 32767
2020/03/11-14:52:20.817328 7fe2bc241700               Options.bottommost_compression_opts.strategy: 0
2020/03/11-14:52:20.817330 7fe2bc241700         Options.bottommost_compression_opts.max_dict_bytes: 0
2020/03/11-14:52:20.817337 7fe2bc241700         Options.bottommost_compression_opts.zstd_max_train_bytes: 0
2020/03/11-14:52:20.817340 7fe2bc241700                  Options.bottommost_compression_opts.enabled: false
2020/03/11-14:52:20.817341 7fe2bc241700            Options.compression_opts.window_bits: -14
2020/03/11-14:52:20.817343 7fe2bc241700                  Options.compression_opts.level: 32767
2020/03/11-14:52:20.817345 7fe2bc241700               Options.compression_opts.strategy: 0
2020/03/11-14:52:20.817347 7fe2bc241700         Options.compression_opts.max_dict_bytes: 0
2020/03/11-14:52:20.817348 7fe2bc241700         Options.compression_opts.zstd_max_train_bytes: 0
2020/03/11-14:52:20.817350 7fe2bc241700                  Options.compression_opts.enabled: false
2020/03/11-14:52:20.817352 7fe2bc241700      Options.level0_file_num_compaction_trigger: 4
2020/03/11-14:52:20.817354 7fe2bc241700          Options.level0_slowdown_writes_trigger: 20
2020/03/11-14:52:20.817355 7fe2bc241700              Options.level0_stop_writes_trigger: 36
2020/03/11-14:52:20.817357 7fe2bc241700                   Options.target_file_size_base: 67108864
2020/03/11-14:52:20.817359 7fe2bc241700             Options.target_file_size_multiplier: 1
2020/03/11-14:52:20.817360 7fe2bc241700                Options.max_bytes_for_level_base: 268435456
2020/03/11-14:52:20.817362 7fe2bc241700 Options.level_compaction_dynamic_level_bytes: 0
2020/03/11-14:52:20.817364 7fe2bc241700          Options.max_bytes_for_level_multiplier: 10.000000
2020/03/11-14:52:20.817367 7fe2bc241700 Options.max_bytes_for_level_multiplier_addtl[0]: 1
2020/03/11-14:52:20.817368 7fe2bc241700 Options.max_bytes_for_level_multiplier_addtl[1]: 1
2020/03/11-14:52:20.817370 7fe2bc241700 Options.max_bytes_for_level_multiplier_addtl[2]: 1
2020/03/11-14:52:20.817372 7fe2bc241700 Options.max_bytes_for_level_multiplier_addtl[3]: 1
2020/03/11-14:52:20.817374 7fe2bc241700 Options.max_bytes_for_level_multiplier_addtl[4]: 1
2020/03/11-14:52:20.817376 7fe2bc241700 Options.max_bytes_for_level_multiplier_addtl[5]: 1
2020/03/11-14:52:20.817377 7fe2bc241700 Options.max_bytes_for_level_multiplier_addtl[6]: 1
2020/03/11-14:52:20.817379 7fe2bc241700       Options.max_sequential_skip_in_iterations: 8
2020/03/11-14:52:20.817381 7fe2bc241700                    Options.max_compaction_bytes: 1677721600
2020/03/11-14:52:20.817383 7fe2bc241700                        Options.arena_block_size: 262144
2020/03/11-14:52:20.817385 7fe2bc241700   Options.soft_pending_compaction_bytes_limit: 68719476736
2020/03/11-14:52:20.817386 7fe2bc241700   Options.hard_pending_compaction_bytes_limit: 274877906944
2020/03/11-14:52:20.817388 7fe2bc241700       Options.rate_limit_delay_max_milliseconds: 100
2020/03/11-14:52:20.817390 7fe2bc241700                Options.disable_auto_compactions: 0
2020/03/11-14:52:20.817392 7fe2bc241700                        Options.compaction_style: kCompactionStyleLevel
